cm,K,mol/mol,mol/mol,mol/mol,mol/mol,mol/mol,cm,kW/m2,kW/m2,kW/m2,kW/m2,cm,kW/m2,kW/m2
z,T_CL,X_O2,X_CO2,X_FUEL,X_H2O,X_N2,r_rad1,HF-Rad_fraction,radHF-Rad_fraction,HF-WSGGM,radHF-WSGGM,r_rad2,HF_hori-Rad_fraction,HF_hori-WSGGM
0.00E+00,338,5.63E-03,1.89E-02,8.10E-01,3.78E-02,1.28E-01,0,34.55758644,23.15048204,25.86494065,14.43115672,20,2.182022628,1.688261065
1.00E+00,931.6419595,4.48E-02,6.04E-02,2.65E-01,1.21E-01,5.09E-01,1,34.69008358,23.29229513,25.83015616,14.38801762,25,1.608215757,1.23323144
2.00E+00,1064.53919,6.20E-02,6.53E-02,1.40E-01,1.31E-01,6.02E-01,2,34.82416191,23.43573467,25.79485106,14.35702106,30,1.001857624,0.888685566
3.00E+00,1117.465983,6.78E-02,6.69E-02,9.94E-02,1.34E-01,6.32E-01,3,35.4074258,24.06049204,25.54479169,14.1395348,35,0.75877052,0.722298878
4.00E+00,1152.127323,6.98E-02,6.81E-02,7.92E-02,1.36E-01,6.47E-01,4,35.73551893,24.42561417,25.23223784,13.86710147,40,0.621115544,0.619605567
5.00E+00,1180.055329,7.05E-02,6.92E-02,6.63E-02,1.38E-01,6.56E-01,5,35.75410175,24.49234384,24.77433148,13.47213904,45,0.52583452,0.543702075
6.00E+00,1200.922503,7.11E-02,7.00E-02,5.67E-02,1.40E-01,6.62E-01,6,35.64887377,24.42746274,24.48436283,13.22886252,50,0.492285411,0.511271394
7.00E+00,1216.17921,7.19E-02,7.04E-02,4.90E-02,1.41E-01,6.68E-01,7,35.25021342,24.14264415,23.81978533,12.69104941,55,0.469982709,0.488449353
8.00E+00,1224.307596,7.33E-02,7.04E-02,4.28E-02,1.41E-01,6.73E-01,8,34.39542053,23.49212191,22.96691001,12.05899648,60,0.454978112,0.472019335
9.00E+00,1227.73319,7.51E-02,7.00E-02,3.76E-02,1.40E-01,6.77E-01,9,33.08243758,22.51469875,21.87154618,11.30889407,65,0.449375053,0.465551769
1.00E+01,1228.770643,7.69E-02,6.95E-02,3.33E-02,1.39E-01,6.81E-01,10,31.44597004,21.43661445,20.46071001,10.45307274,70,0.440594306,0.455086939
1.10E+01,1228.938593,7.88E-02,6.89E-02,2.95E-02,1.38E-01,6.85E-01,11,29.03113017,19.83908313,18.71526018,9.532986015,,,
1.20E+01,1227.553812,8.09E-02,6.81E-02,2.62E-02,1.36E-01,6.89E-01,12,26.19195172,18.22133145,16.49962526,8.54226092,,,
1.30E+01,1223.381526,8.33E-02,6.72E-02,2.32E-02,1.34E-01,6.92E-01,13,22.74175824,16.4797155,13.76820991,7.519955123,,,
1.40E+01,1216.700358,8.58E-02,6.61E-02,2.06E-02,1.32E-01,6.95E-01,14,18.48421236,14.63099937,10.22932678,6.38255826,,,
1.50E+01,1208.110414,8.85E-02,6.49E-02,1.83E-02,1.30E-01,6.99E-01,15,16.08304896,13.73138818,8.123574767,5.774055745,,,
1.60E+01,1197.617863,9.13E-02,6.36E-02,1.61E-02,1.27E-01,7.02E-01,,,,,,,,
1.70E+01,1185.038908,9.43E-02,6.21E-02,1.42E-02,1.24E-01,7.05E-01,,,,,,,,
1.80E+01,1171.392854,9.74E-02,6.06E-02,1.25E-02,1.21E-01,7.08E-01,,,,,,,,
1.90E+01,1157.188184,1.00E-01,5.91E-02,1.10E-02,1.18E-01,7.11E-01,,,,,,,,
2.00E+01,1142.436534,1.03E-01,5.77E-02,9.69E-03,1.15E-01,7.14E-01,,,,,,,,
2.10E+01,1127.081218,1.06E-01,5.62E-02,8.49E-03,1.12E-01,7.17E-01,,,,,,,,
2.20E+01,1110.922247,1.09E-01,5.47E-02,7.44E-03,1.09E-01,7.19E-01,,,,,,,,
2.30E+01,1094.270335,1.12E-01,5.32E-02,6.52E-03,1.06E-01,7.22E-01,,,,,,,,
2.40E+01,1077.304647,1.15E-01,5.16E-02,5.74E-03,1.03E-01,7.24E-01,,,,,,,,
2.50E+01,1060.741223,1.18E-01,5.02E-02,5.06E-03,1.00E-01,7.26E-01,,,,,,,,
2.60E+01,1044.730451,1.21E-01,4.88E-02,4.46E-03,9.75E-02,7.29E-01,,,,,,,,
2.70E+01,1028.867673,1.23E-01,4.74E-02,3.92E-03,9.48E-02,7.31E-01,,,,,,,,
2.80E+01,1012.834988,1.26E-01,4.61E-02,3.43E-03,9.21E-02,7.33E-01,,,,,,,,
2.90E+01,996.3140093,1.28E-01,4.47E-02,2.99E-03,8.94E-02,7.35E-01,,,,,,,,
3.00E+01,979.1756372,1.31E-01,4.33E-02,2.60E-03,8.66E-02,7.37E-01,,,,,,,,
3.10E+01,961.6061329,1.33E-01,4.19E-02,2.27E-03,8.39E-02,7.38E-01,,,,,,,,
3.20E+01,943.6024973,1.36E-01,4.05E-02,1.97E-03,8.11E-02,7.40E-01,,,,,,,,
3.30E+01,925.2347621,1.39E-01,3.92E-02,1.70E-03,7.83E-02,7.42E-01,,,,,,,,
3.40E+01,906.9754062,1.41E-01,3.78E-02,1.46E-03,7.56E-02,7.44E-01,,,,,,,,
3.50E+01,889.2866599,1.44E-01,3.65E-02,1.26E-03,7.29E-02,7.46E-01,,,,,,,,
3.60E+01,872.0831909,1.46E-01,3.52E-02,1.08E-03,7.03E-02,7.47E-01,,,,,,,,
3.70E+01,854.8189605,1.48E-01,3.39E-02,9.23E-04,6.78E-02,7.49E-01,,,,,,,,
3.80E+01,837.2635005,1.51E-01,3.26E-02,7.81E-04,6.53E-02,7.51E-01,,,,,,,,
3.90E+01,819.8078795,1.53E-01,3.14E-02,6.58E-04,6.29E-02,7.52E-01,,,,,,,,
4.00E+01,803.1724759,1.55E-01,3.03E-02,5.52E-04,6.06E-02,7.54E-01,,,,,,,,
4.10E+01,787.4377512,1.57E-01,2.92E-02,4.59E-04,5.85E-02,7.55E-01,,,,,,,,
4.20E+01,772.1708969,1.59E-01,2.82E-02,3.82E-04,5.65E-02,7.56E-01,,,,,,,,
4.30E+01,757.8126468,1.60E-01,2.73E-02,3.19E-04,5.46E-02,7.57E-01,,,,,,,,
4.40E+01,744.4901213,1.62E-01,2.65E-02,2.68E-04,5.29E-02,7.58E-01,,,,,,,,
4.50E+01,731.7165048,1.63E-01,2.57E-02,2.24E-04,5.13E-02,7.59E-01,,,,,,,,
4.60E+01,719.4618641,1.65E-01,2.49E-02,1.86E-04,4.98E-02,7.60E-01,,,,,,,,
4.70E+01,707.7494771,1.66E-01,2.41E-02,1.52E-04,4.83E-02,7.61E-01,,,,,,,,
4.80E+01,696.4870711,1.68E-01,2.34E-02,1.24E-04,4.69E-02,7.62E-01,,,,,,,,
4.90E+01,685.8578647,1.69E-01,2.28E-02,1.01E-04,4.55E-02,7.63E-01,,,,,,,,
5.00E+01,675.8043407,1.70E-01,2.21E-02,8.07E-05,4.43E-02,7.64E-01,,,,,,,,
5.10E+01,666.0098294,1.71E-01,2.15E-02,6.46E-05,4.30E-02,7.64E-01,,,,,,,,
5.20E+01,656.1450048,1.72E-01,2.09E-02,5.17E-05,4.18E-02,7.65E-01,,,,,,,,
5.30E+01,646.4130683,1.73E-01,2.03E-02,4.14E-05,4.06E-02,7.66E-01,,,,,,,,
5.40E+01,637.1644306,1.74E-01,1.97E-02,3.34E-05,3.94E-02,7.67E-01,,,,,,,,
5.50E+01,628.3004675,1.75E-01,1.92E-02,2.71E-05,3.83E-02,7.67E-01,,,,,,,,
5.60E+01,619.5365383,1.76E-01,1.86E-02,2.18E-05,3.73E-02,7.68E-01,,,,,,,,
5.70E+01,610.8184658,1.77E-01,1.81E-02,1.74E-05,3.62E-02,7.68E-01,,,,,,,,
5.80E+01,602.6646476,1.78E-01,1.76E-02,1.38E-05,3.53E-02,7.69E-01,,,,,,,,
5.90E+01,595.1563165,1.79E-01,1.72E-02,1.10E-05,3.44E-02,7.69E-01,,,,,,,,
6.00E+01,587.5400964,1.80E-01,1.68E-02,8.69E-06,3.35E-02,7.70E-01,,,,,,,,
6.10E+01,578.15061,1.81E-01,1.63E-02,7.72E-06,3.25E-02,7.71E-01,,,,,,,,
6.20E+01,570.1837849,1.81E-01,1.58E-02,6.89E-06,3.16E-02,7.71E-01,,,,,,,,
6.30E+01,563.8363025,1.82E-01,1.55E-02,5.93E-06,3.09E-02,7.72E-01,,,,,,,,
6.40E+01,557.8780987,1.83E-01,1.51E-02,5.08E-06,3.02E-02,7.72E-01,,,,,,,,
6.50E+01,552.1515604,1.83E-01,1.48E-02,4.31E-06,2.96E-02,7.72E-01,,,,,,,,
6.60E+01,546.6023557,1.84E-01,1.45E-02,3.60E-06,2.89E-02,7.73E-01,,,,,,,,
6.70E+01,541.2836,1.84E-01,1.42E-02,2.98E-06,2.83E-02,7.73E-01,,,,,,,,
6.80E+01,536.1300361,1.85E-01,1.38E-02,2.42E-06,2.77E-02,7.73E-01,,,,,,,,
6.90E+01,531.1641397,1.85E-01,1.36E-02,1.93E-06,2.71E-02,7.74E-01,,,,,,,,
7.00E+01,526.3433456,1.86E-01,1.33E-02,1.52E-06,2.66E-02,7.74E-01,,,,,,,,
7.10E+01,521.6155486,1.87E-01,1.30E-02,1.18E-06,2.60E-02,7.74E-01,,,,,,,,
7.20E+01,516.9985338,1.87E-01,1.27E-02,9.07E-07,2.55E-02,7.75E-01,,,,,,,,
7.30E+01,512.5299954,1.87E-01,1.25E-02,6.92E-07,2.50E-02,7.75E-01,,,,,,,,
7.40E+01,508.1838001,1.88E-01,1.22E-02,5.24E-07,2.45E-02,7.75E-01,,,,,,,,
7.50E+01,503.9881595,1.88E-01,1.20E-02,3.96E-07,2.40E-02,7.76E-01,,,,,,,,
7.60E+01,500.036871,1.89E-01,1.18E-02,3.04E-07,2.35E-02,7.76E-01,,,,,,,,
7.70E+01,496.2591105,1.89E-01,1.16E-02,2.35E-07,2.31E-02,7.76E-01,,,,,,,,
7.80E+01,492.6786791,1.90E-01,1.13E-02,1.84E-07,2.27E-02,7.76E-01,,,,,,,,
7.90E+01,489.2283529,1.90E-01,1.12E-02,1.44E-07,2.23E-02,7.77E-01,,,,,,,,
8.00E+01,485.8743814,1.90E-01,1.10E-02,1.14E-07,2.19E-02,7.77E-01,,,,,,,,
8.10E+01,482.6349863,1.91E-01,1.08E-02,9.12E-08,2.15E-02,7.77E-01,,,,,,,,
8.20E+01,479.5265707,1.91E-01,1.06E-02,7.35E-08,2.12E-02,7.77E-01,,,,,,,,
8.30E+01,476.5592587,1.91E-01,1.04E-02,5.99E-08,2.08E-02,7.78E-01,,,,,,,,
8.40E+01,473.6890286,1.91E-01,1.03E-02,4.87E-08,2.05E-02,7.78E-01,,,,,,,,
8.50E+01,470.8864191,1.92E-01,1.01E-02,3.96E-08,2.02E-02,7.78E-01,,,,,,,,
8.60E+01,468.1180838,1.92E-01,9.94E-03,3.21E-08,1.99E-02,7.78E-01,,,,,,,,
8.70E+01,465.2906863,1.92E-01,9.78E-03,2.59E-08,1.96E-02,7.78E-01,,,,,,,,
8.80E+01,462.4496914,1.93E-01,9.62E-03,2.07E-08,1.92E-02,7.78E-01,,,,,,,,
8.90E+01,460.0467471,1.93E-01,9.48E-03,1.74E-08,1.90E-02,7.79E-01,,,,,,,,
9.00E+01,455.7419909,1.93E-01,9.26E-03,1.38E-08,1.85E-02,7.79E-01,,,,,,,,
9.10E+01,452.845446,1.94E-01,8.98E-03,1.08E-08,1.80E-02,7.79E-01,,,,,,,,
9.20E+01,450.2537931,1.94E-01,8.88E-03,9.53E-09,1.78E-02,7.79E-01,,,,,,,,
9.30E+01,447.778632,1.94E-01,8.76E-03,8.42E-09,1.75E-02,7.80E-01,,,,,,,,
9.40E+01,445.4479742,1.95E-01,8.57E-03,6.88E-09,1.71E-02,7.80E-01,,,,,,,,
9.50E+01,443.1179981,1.95E-01,8.56E-03,6.51E-09,1.71E-02,7.80E-01,,,,,,,,
9.60E+01,440.7995344,1.95E-01,8.31E-03,5.18E-09,1.66E-02,7.80E-01,,,,,,,,
9.70E+01,438.4810706,1.95E-01,8.27E-03,4.80E-09,1.65E-02,7.80E-01,,,,,,,,
9.80E+01,436.2971736,1.95E-01,8.13E-03,4.12E-09,1.63E-02,7.80E-01,,,,,,,,
9.90E+01,434.1848886,1.96E-01,8.00E-03,3.54E-09,1.60E-02,7.80E-01,,,,,,,,
1.00E+02,432.131878,1.96E-01,7.94E-03,3.26E-09,1.59E-02,7.80E-01,,,,,,,,