,z,T_CL,T_rms,w_CL,X_O2,X_N2,X_CH4,X_CO2,X_H2O,X_CO,X_H2,X_C2H2,X_C2H6,X_C2H4
0,cm,K,K,m/s,mol/mol,mol/mol,mol/mol,mol/mol,mol/mol,mol/mol,mol/mol,mol/mol,mol/mol,
1,0.0,300.0,2.697406161481804e-05,0.0097,0.0,0.0,1.0,0.0,0.0,0.0,0.0,0.0,0.0,0.0
2,0.3,354.3,96.70005170629435,0.047011,0.0043422,0.0399,0.94247,0.0020442,0.006494,0.001926,0.0024428,0.00030645,8.1867e-06,3.4063e-05
3,0.6,408.6,136.75525584049777,0.084322,0.0086843,0.0798,0.88494,0.0040885,0.012988,0.0038521,0.0048856,0.00061291,1.6373e-05,6.8125e-05
4,0.8999999999999999,462.9,167.4902982264943,0.12163,0.013026,0.1197,0.8274,0.0061327,0.019482,0.0057781,0.0073283,0.00091936,2.456e-05,0.00010219
5,1.2,517.2,193.40113753543437,0.15894,0.017369,0.1596,0.76987,0.0081769,0.025976,0.0077041,0.0097711,0.0012258,3.2747e-05,0.00013625
6,1.5,571.5,216.22673285234646,0.19625,0.021711,0.1995,0.71234,0.010221,0.03247,0.0096302,0.012214,0.0015323,4.0933e-05,0.00017031
7,1.7999999999999998,625.8,236.86494041964082,0.23357,0.026053,0.2394,0.65481,0.012265,0.038964,0.011556,0.014657,0.0018387,4.912e-05,0.00020438
8,2.1,680.1,255.84370228715812,0.27088,0.030395,0.2793,0.59727,0.01431,0.045458,0.013482,0.017099,0.0021452,5.7307e-05,0.00023844
9,2.4,734.41,273.5086835915818,0.30819,0.034737,0.3192,0.53974,0.016354,0.051952,0.015408,0.019542,0.0024516,6.5494e-05,0.0002725
10,2.7,788.71,290.09998276456344,0.3455,0.039079,0.3591,0.48221,0.018398,0.058446,0.017334,0.021985,0.0027581,7.368e-05,0.00030656
11,3.0,843.01,305.7924132479418,0.38281,0.043422,0.399,0.42468,0.020442,0.06494,0.01926,0.024428,0.0030645,8.1867e-05,0.00034063
12,3.3000000000000003,897.31,320.7179446180086,0.42012,0.047764,0.4389,0.36715,0.022487,0.071434,0.021186,0.026871,0.003371,9.0054e-05,0.00037469
13,3.5999999999999996,951.61,334.9776111921512,0.45743,0.052106,0.4788,0.30961,0.024531,0.077928,0.023112,0.029313,0.0036774,9.824e-05,0.00040875
14,3.9,1004.5,348.4967718645325,0.4951,0.056327,0.5176,0.25371,0.026527,0.084241,0.024971,0.031665,0.0039719,0.00010608,0.00044137
15,4.2,1020.4,357.49125863438957,0.5421,0.057409,0.5277,0.24007,0.027268,0.085866,0.025073,0.031656,0.0039556,0.00010487,0.00043632
16,4.5,1036.4,366.251279861245,0.58909,0.058491,0.53781,0.22644,0.028009,0.087491,0.025176,0.031646,0.0039393,0.00010366,0.00043127
17,4.8,1052.3,374.8199567792515,0.63608,0.059572,0.54792,0.2128,0.02875,0.089116,0.025278,0.031637,0.003923,0.00010246,0.00042623
18,5.1,1068.3,383.18402889473356,0.68308,0.060654,0.55803,0.19917,0.029491,0.090741,0.02538,0.031627,0.0039067,0.00010125,0.00042118
19,5.4,1084.2,391.3821661752104,0.73007,0.061736,0.56814,0.18553,0.030232,0.092366,0.025482,0.031618,0.0038904,0.00010004,0.00041613
20,5.7,1100.2,399.4120679198364,0.77707,0.062817,0.57825,0.17189,0.030973,0.093991,0.025585,0.031608,0.0038741,9.8831e-05,0.00041109
21,6.0,1116.1,407.2714082770849,0.82406,0.063899,0.58836,0.15826,0.031714,0.095617,0.025687,0.031599,0.0038578,9.7624e-05,0.00040604
22,6.3,1132.1,414.99397585989124,0.87106,0.06498,0.59847,0.14462,0.032455,0.097242,0.025789,0.031589,0.0038415,9.6416e-05,0.00040099
23,6.6000000000000005,1148.1,422.5636046798162,0.91805,0.066062,0.60858,0.13099,0.033196,0.098867,0.025892,0.03158,0.0038252,9.5208e-05,0.00039595
24,6.9,1164.0,430.0116277497621,0.96504,0.067144,0.61869,0.11735,0.033937,0.10049,0.025994,0.03157,0.0038089,9.4e-05,0.0003909
25,7.199999999999999,1180.0,437.3213921133975,1.012,0.068225,0.6288,0.10372,0.034678,0.10212,0.026096,0.031561,0.0037926,9.2792e-05,0.00038585
26,7.5,1195.9,444.52221541785735,1.059,0.069307,0.6389,0.09008,0.035419,0.10374,0.026199,0.031551,0.0037762,9.1584e-05,0.00038081
27,7.8,1210.8,451.3867521316947,1.1046,0.07038,0.6485,0.077215,0.036116,0.10524,0.026267,0.031505,0.0037559,9.0217e-05,0.00037531
28,8.1,1212.3,455.5107023989667,1.1326,0.071338,0.65173,0.073977,0.036268,0.10509,0.025914,0.030996,0.0036853,8.6859e-05,0.00036417
29,8.4,1213.7,459.597650124541,1.1605,0.072297,0.65495,0.070739,0.036421,0.10495,0.025561,0.030487,0.0036146,8.35e-05,0.00035303
30,8.7,1215.2,463.64857381426293,1.1885,0.073256,0.65818,0.067502,0.036573,0.1048,0.025208,0.029979,0.003544,8.0142e-05,0.00034189
31,9.0,1216.7,467.6644095930329,1.2165,0.074215,0.6614,0.064264,0.036725,0.10466,0.024856,0.02947,0.0034733,7.6784e-05,0.00033075
32,9.3,1218.2,471.64605373097316,1.2444,0.075174,0.66463,0.061027,0.036878,0.10451,0.024503,0.028961,0.0034027,7.3426e-05,0.00031962
33,9.6,1219.7,475.60487802376457,1.2724,0.076132,0.66786,0.057789,0.03703,0.10437,0.02415,0.028453,0.003332,7.0067e-05,0.00030848
34,9.9,1221.1,479.5205939268928,1.3004,0.077091,0.67108,0.054551,0.037182,0.10422,0.023797,0.027944,0.0032614,6.6709e-05,0.00029734
35,10.2,1222.6,483.4045924481893,1.3283,0.07805,0.67431,0.051314,0.037335,0.10408,0.023444,0.027435,0.0031907,6.3351e-05,0.0002862
36,10.5,1224.1,487.2576320592629,1.3563,0.079009,0.67753,0.048076,0.037487,0.10393,0.023091,0.026926,0.0031201,5.9993e-05,0.00027506
37,10.8,1225.6,491.0804414757322,1.3843,0.079967,0.68076,0.044838,0.037639,0.10379,0.022738,0.026418,0.0030494,5.6635e-05,0.00026392
38,11.1,1227.0,494.8737212663449,1.4122,0.080926,0.68398,0.041601,0.037792,0.10364,0.022385,0.025909,0.0029788,5.3276e-05,0.00025278
39,11.4,1228.5,498.6381453519175,1.4402,0.081885,0.68721,0.038363,0.037944,0.1035,0.022032,0.0254,0.0029081,4.9918e-05,0.00024165
40,11.700000000000001,1229.6,502.16531142642657,1.4677,0.08283,0.69026,0.03535,0.038078,0.10332,0.021683,0.024901,0.0028392,4.6751e-05,0.00023102
41,12.0,1227.2,504.05356858175304,1.4915,0.083665,0.6919,0.034137,0.038063,0.10288,0.021363,0.024479,0.0027839,4.5115e-05,0.00022451
42,12.3,1224.9,505.9446610055293,1.5154,0.0845,0.69355,0.032923,0.038049,0.10244,0.021042,0.024056,0.0027287,4.3478e-05,0.000218
43,12.6,1222.6,507.81886534472113,1.5392,0.085335,0.69519,0.031709,0.038035,0.10201,0.020722,0.023633,0.0026734,4.1841e-05,0.00021149
44,12.9,1220.2,509.6861779565932,1.563,0.08617,0.69684,0.030495,0.038021,0.10157,0.020402,0.023211,0.0026181,4.0205e-05,0.00020498
45,13.200000000000001,1217.9,511.5466743123251,1.5868,0.087005,0.69848,0.029282,0.038006,0.10113,0.020081,0.022788,0.0025629,3.8568e-05,0.00019847
46,13.5,1215.6,513.4004285155984,1.6106,0.087839,0.70013,0.028068,0.037992,0.1007,0.019761,0.022366,0.0025076,3.6931e-05,0.00019196
47,13.8,1213.3,515.2475133370369,1.6344,0.088674,0.70177,0.026854,0.037978,0.10026,0.019441,0.021943,0.0024523,3.5295e-05,0.00018545
48,14.099999999999998,1210.9,517.0880002475401,1.6583,0.089509,0.70342,0.025641,0.037963,0.099822,0.01912,0.02152,0.002397,3.3658e-05,0.00017894
49,14.399999999999999,1208.6,518.9219594505516,1.6821,0.090344,0.70506,0.024427,0.037949,0.099385,0.0188,0.021098,0.0023418,3.2022e-05,0.00017243
50,14.7,1206.3,520.749459913306,1.7059,0.091179,0.70671,0.023213,0.037935,0.098948,0.01848,0.020675,0.0022865,3.0385e-05,0.00016592
51,15.0,1203.9,522.570569397091,1.7297,0.092014,0.70835,0.021999,0.037921,0.098511,0.018159,0.020253,0.0022312,2.8748e-05,0.00015941
52,15.299999999999999,1201.6,524.3853544865646,1.7535,0.092849,0.71,0.020786,0.037906,0.098074,0.017839,0.01983,0.002176,2.7112e-05,0.0001529
53,15.6,1199.1,525.9942965470253,1.7762,0.093672,0.71156,0.019665,0.037882,0.097627,0.017526,0.01942,0.0021228,2.559e-05,0.00014678
54,15.9,1195.6,526.4598750142312,1.792,0.094429,0.71263,0.019079,0.037803,0.097123,0.017254,0.019086,0.0020818,2.4729e-05,0.00014287
55,16.2,1192.0,526.9345310377752,1.8078,0.095185,0.71371,0.018494,0.037724,0.096618,0.016982,0.018751,0.0020408,2.3868e-05,0.00013896
56,16.5,1188.5,527.3992794837702,1.8237,0.095941,0.71478,0.017908,0.037645,0.096114,0.01671,0.018416,0.0019997,2.3007e-05,0.00013505
57,16.8,1184.9,527.8636187501464,1.8395,0.096697,0.71585,0.017323,0.037565,0.095609,0.016437,0.018081,0.0019587,2.2146e-05,0.00013115
58,17.1,1181.4,528.3275499157696,1.8553,0.097454,0.71693,0.016737,0.037486,0.095105,0.016165,0.017746,0.0019177,2.1285e-05,0.00012724
59,17.4,1177.9,528.7910740547726,1.8712,0.09821,0.718,0.016151,0.037407,0.0946,0.015893,0.017411,0.0018767,2.0424e-05,0.00012333
60,17.7,1174.3,529.2541922365849,1.887,0.098966,0.71907,0.015566,0.037328,0.094096,0.015621,0.017076,0.0018356,1.9563e-05,0.00011942
61,18.0,1170.8,529.7169055259611,1.9028,0.099722,0.72015,0.01498,0.037248,0.093591,0.015349,0.016741,0.0017946,1.8702e-05,0.00011551
62,18.3,1167.2,530.1886456724625,1.9187,0.10048,0.72122,0.014395,0.037169,0.093087,0.015077,0.016407,0.0017536,1.7841e-05,0.0001116
63,18.6,1163.7,530.6505441436954,1.9345,0.10123,0.7223,0.013809,0.03709,0.092582,0.014805,0.016072,0.0017126,1.698e-05,0.00010769
64,18.9,1160.1,531.1120409103902,1.9503,0.10199,0.72337,0.013223,0.03701,0.092078,0.014533,0.015737,0.0016715,1.6119e-05,0.00010378
65,19.2,1156.6,531.5731370187925,1.9662,0.10275,0.72444,0.012638,0.036931,0.091573,0.014261,0.015402,0.0016305,1.5258e-05,9.9876e-05
66,19.5,1152.9,531.9304465811297,1.981,0.1035,0.72547,0.012099,0.036843,0.091061,0.013996,0.015078,0.0015911,1.447e-05,9.6233e-05
67,19.8,1148.7,531.8458423265148,1.9915,0.10424,0.72629,0.011764,0.036717,0.090513,0.013762,0.014804,0.0015589,1.4001e-05,9.376e-05
68,20.1,1144.4,531.7612246111971,2.0021,0.10497,0.72711,0.011429,0.036591,0.089966,0.013529,0.014529,0.0015266,1.3532e-05,9.1288e-05
69,20.4,1140.1,531.6765934287497,2.0126,0.10571,0.72793,0.011094,0.036465,0.089419,0.013295,0.014255,0.0014944,1.3063e-05,8.8815e-05
70,20.7,1135.8,531.5919487727406,2.0231,0.10644,0.72875,0.010759,0.036339,0.088871,0.013062,0.013981,0.0014621,1.2594e-05,8.6343e-05
71,21.0,1131.6,531.5166977621682,2.0336,0.10718,0.72957,0.010424,0.036213,0.088324,0.012828,0.013706,0.0014299,1.2125e-05,8.387e-05
72,21.3,1127.3,531.4320276385306,2.0441,0.10792,0.73039,0.01009,0.036087,0.087777,0.012595,0.013432,0.0013976,1.1656e-05,8.1398e-05
73,21.6,1123.0,531.3473440227211,2.0546,0.10865,0.73121,0.0097548,0.035961,0.087229,0.012362,0.013157,0.0013654,1.1187e-05,7.8925e-05
74,21.9,1118.8,531.2626469082877,2.0651,0.10939,0.73203,0.00942,0.035835,0.086682,0.012128,0.012883,0.0013331,1.0718e-05,7.6453e-05
75,22.2,1114.5,531.1779362887733,2.0756,0.11012,0.73286,0.0090852,0.035709,0.086135,0.011895,0.012608,0.0013009,1.025e-05,7.398e-05
76,22.5,1110.2,531.0932121577154,2.0861,0.11086,0.73368,0.0087504,0.035583,0.085587,0.011661,0.012334,0.0012686,9.7807e-06,7.1508e-05
77,22.8,1105.9,531.0084745086466,2.0967,0.1116,0.7345,0.0084155,0.035457,0.08504,0.011428,0.012059,0.0012364,9.3118e-06,6.9035e-05
78,23.1,1101.7,530.9237233350946,2.1072,0.11233,0.73532,0.0080807,0.035331,0.084493,0.011194,0.011785,0.0012041,8.843e-06,6.6562e-05
79,23.400000000000002,1097.5,530.7447597480356,2.1175,0.11303,0.73609,0.007776,0.035209,0.083968,0.010973,0.011526,0.0011738,8.4215e-06,6.4292e-05
80,23.7,1093.9,530.2640851500316,2.1269,0.11361,0.73667,0.0075767,0.035097,0.083521,0.010795,0.011322,0.0011506,8.1657e-06,6.2728e-05
81,24.0,1090.3,529.7735365229184,2.1364,0.11419,0.73726,0.0073774,0.034986,0.083075,0.010617,0.011117,0.0011273,7.91e-06,6.1165e-05
82,24.3,1086.7,529.2825332466583,2.1459,0.11477,0.73785,0.0071781,0.034874,0.082628,0.010439,0.010913,0.001104,7.6543e-06,5.9601e-05
83,24.6,1083.1,528.7910740547726,2.1554,0.11535,0.73844,0.0069788,0.034763,0.082182,0.010261,0.010708,0.0010807,7.3986e-06,5.8038e-05
84,24.9,1079.4,528.2991576748916,2.1649,0.11593,0.73902,0.0067794,0.034652,0.081736,0.010083,0.010504,0.0010574,7.1429e-06,5.6474e-05
85,25.2,1075.8,527.8067828287166,2.1744,0.11651,0.73961,0.0065801,0.03454,0.081289,0.0099049,0.010299,0.0010342,6.8871e-06,5.491e-05
86,25.5,1072.2,527.3139482319807,2.1839,0.11709,0.7402,0.0063808,0.034429,0.080843,0.0097268,0.010095,0.0010109,6.6314e-06,5.3347e-05
87,25.8,1068.6,526.8301434048739,2.1934,0.11767,0.74079,0.0061815,0.034317,0.080396,0.0095488,0.00989,0.00098761,6.3757e-06,5.1783e-05
88,26.1,1065.0,526.3363943335098,2.2029,0.11825,0.74138,0.0059822,0.034206,0.07995,0.0093707,0.0096855,0.00096433,6.12e-06,5.022e-05
89,26.400000000000002,1061.3,525.8421816476879,2.2124,0.11884,0.74196,0.0057829,0.034095,0.079503,0.0091926,0.009481,0.00094105,5.8643e-06,4.8656e-05
90,26.700000000000003,1057.7,525.3475040389932,2.2219,0.11942,0.74255,0.0055835,0.033983,0.079057,0.0090146,0.0092764,0.00091777,5.6085e-06,4.7093e-05
91,27.0,1054.1,524.8523601928451,2.2314,0.12,0.74314,0.0053842,0.033872,0.078611,0.0088365,0.0090719,0.00089449,5.3528e-06,4.5529e-05
92,27.3,1050.5,524.2995327100722,2.2403,0.12056,0.74369,0.0052044,0.033759,0.078175,0.0086688,0.0088804,0.00087287,5.128e-06,4.4114e-05
93,27.6,1047.1,523.574254523654,2.2474,0.12106,0.74414,0.0050805,0.033644,0.077772,0.0085303,0.008726,0.00085602,4.9916e-06,4.3125e-05
94,27.900000000000002,1043.7,522.8479702552168,2.2545,0.12157,0.74459,0.0049566,0.033529,0.077369,0.0083919,0.0085716,0.00083916,4.8551e-06,4.2136e-05
95,28.199999999999996,1040.2,522.1302519486876,2.2616,0.12207,0.74504,0.0048327,0.033413,0.076966,0.0082535,0.0084172,0.0008223,4.7187e-06,4.1147e-05
96,28.499999999999996,1036.8,521.4019562679066,2.2687,0.12258,0.74549,0.0047087,0.033298,0.076563,0.008115,0.0082629,0.00080544,4.5822e-06,4.0159e-05
97,28.799999999999997,1033.3,520.6726418777926,2.2758,0.12308,0.74594,0.0045848,0.033183,0.07616,0.0079766,0.0081085,0.00078858,4.4458e-06,3.917e-05
98,29.099999999999998,1029.9,519.9423044915657,2.2829,0.12359,0.74639,0.0044609,0.033067,0.075757,0.0078382,0.0079541,0.00077172,4.3093e-06,3.8181e-05
99,29.4,1026.5,519.2109397922967,2.29,0.12409,0.74684,0.004337,0.032952,0.075354,0.0076997,0.0077997,0.00075487,4.1729e-06,3.7192e-05
100,29.7,1023.0,518.4785434326092,2.2971,0.1246,0.74729,0.004213,0.032837,0.074951,0.0075613,0.0076453,0.00073801,4.0364e-06,3.6203e-05
101,30.0,1019.6,517.7547682059529,2.3042,0.1251,0.74774,0.0040891,0.032721,0.074548,0.0074229,0.0074909,0.00072115,3.8999e-06,3.5214e-05
102,30.3,1016.1,517.0203090788601,2.3113,0.12561,0.74819,0.0039652,0.032606,0.074145,0.0072844,0.0073366,0.00070429,3.7635e-06,3.4225e-05
103,30.599999999999998,1012.7,516.2848051221341,2.3184,0.12611,0.74864,0.0038413,0.032491,0.073742,0.007146,0.0071822,0.00068743,3.627e-06,3.3236e-05
104,30.9,1009.3,515.5482518639744,2.3255,0.12662,0.74909,0.0037173,0.032375,0.073339,0.0070076,0.0070278,0.00067058,3.4906e-06,3.2247e-05
105,31.2,1005.9,514.7523676487559,2.3322,0.1271,0.74951,0.003605,0.032261,0.072949,0.0068768,0.006883,0.00065492,3.3708e-06,3.1352e-05
106,31.5,1002.8,513.8287652516157,2.3376,0.12754,0.74987,0.00352,0.032151,0.072589,0.0067643,0.0067609,0.00064211,3.2907e-06,3.0683e-05
107,31.8,999.64,512.8937511804954,2.3431,0.12799,0.75023,0.0034351,0.03204,0.07223,0.0066517,0.0066389,0.0006293,3.2106e-06,3.0014e-05
108,32.1,996.51,511.9570294468082,2.3486,0.12843,0.75059,0.0033501,0.031929,0.07187,0.0065392,0.0065168,0.00061649,3.1305e-06,2.9344e-05
109,32.4,993.37,511.0185906598702,2.3541,0.12887,0.75096,0.0032652,0.031819,0.07151,0.0064266,0.0063948,0.00060368,3.0503e-06,2.8675e-05
110,32.7,990.23,510.07842534261334,2.3595,0.12931,0.75132,0.0031802,0.031708,0.07115,0.0063141,0.0062727,0.00059087,2.9702e-06,2.8006e-05
111,33.0,987.1,509.1463443844019,2.365,0.12975,0.75168,0.0030953,0.031597,0.07079,0.0062015,0.0061507,0.00057806,2.8901e-06,2.7336e-05
112,33.300000000000004,983.96,508.2027154590971,2.3705,0.13019,0.75204,0.0030103,0.031486,0.070431,0.006089,0.0060286,0.00056525,2.81e-06,2.6667e-05
113,33.6,980.82,507.2573311446568,2.376,0.13063,0.7524,0.0029253,0.031376,0.070071,0.0059764,0.0059065,0.00055244,2.7299e-06,2.5998e-05
114,33.900000000000006,977.68,506.31018160807315,2.3814,0.13108,0.75276,0.0028404,0.031265,0.069711,0.0058638,0.0057845,0.00053963,2.6497e-06,2.5329e-05
115,34.2,974.55,505.3612569241928,2.3869,0.13152,0.75313,0.0027554,0.031154,0.069351,0.0057513,0.0056624,0.00052682,2.5696e-06,2.4659e-05
116,34.5,971.41,504.42045953747754,2.3924,0.13196,0.75349,0.0026705,0.031043,0.068992,0.0056387,0.0055404,0.00051401,2.4895e-06,2.399e-05
117,34.8,968.27,503.4679731621466,2.3979,0.1324,0.75385,0.0025855,0.030933,0.068632,0.0055262,0.0054183,0.0005012,2.4094e-06,2.3321e-05
118,35.099999999999994,965.14,502.43407527754323,2.4029,0.13283,0.75419,0.0025095,0.03082,0.068277,0.0054211,0.0053054,0.00048949,2.3388e-06,2.2718e-05
119,35.4,962.03,501.22849081032894,2.4072,0.13325,0.75449,0.0024514,0.030702,0.067932,0.005331,0.0052108,0.00047997,2.2873e-06,2.2248e-05
120,35.699999999999996,958.92,500.019999600016,2.4115,0.13366,0.75479,0.0023933,0.030585,0.067586,0.0052409,0.0051162,0.00047045,2.2358e-06,2.1779e-05
121,36.0,955.82,498.79855653359704,2.4158,0.13407,0.75509,0.0023352,0.030467,0.067241,0.0051508,0.0050216,0.00046094,2.1843e-06,2.1309e-05
122,36.3,952.71,497.5841637351414,2.42,0.13449,0.7554,0.0022771,0.03035,0.066896,0.0050607,0.0049269,0.00045142,2.1328e-06,2.084e-05
123,36.6,949.6,496.36679985671884,2.4243,0.1349,0.7557,0.002219,0.030232,0.066551,0.0049706,0.0048323,0.0004419,2.0814e-06,2.037e-05
124,36.9,946.49,495.1464429842953,2.4286,0.13531,0.756,0.0021609,0.030115,0.066205,0.0048805,0.0047377,0.00043239,2.0299e-06,1.9901e-05
125,37.2,943.38,493.92307093311604,2.4329,0.13573,0.7563,0.0021028,0.029997,0.06586,0.0047904,0.0046431,0.00042287,1.9784e-06,1.9431e-05
126,37.5,940.27,492.6966612430005,2.4371,0.13614,0.7566,0.0020447,0.02988,0.065515,0.0047003,0.0045485,0.00041336,1.9269e-06,1.8962e-05
127,37.8,937.16,491.4671911735309,2.4414,0.13656,0.7569,0.0019866,0.029762,0.06517,0.0046102,0.0044538,0.00040384,1.8754e-06,1.8492e-05
128,38.1,934.05,490.2346376991328,2.4457,0.13697,0.7572,0.0019285,0.029645,0.064825,0.0045201,0.0043592,0.00039432,1.8239e-06,1.8023e-05
129,38.4,930.94,488.99897750404347,2.45,0.13738,0.75751,0.0018704,0.029527,0.064479,0.00443,0.0042646,0.00038481,1.7725e-06,1.7553e-05
130,38.7,927.83,487.7601869771661,2.4542,0.1378,0.75781,0.0018122,0.02941,0.064134,0.0043399,0.00417,0.00037529,1.721e-06,1.7084e-05
131,39.0,924.76,486.4565756570673,2.4582,0.1382,0.75809,0.001761,0.029291,0.063796,0.004258,0.0040843,0.00036669,1.6756e-06,1.6664e-05
132,39.300000000000004,921.75,485.05669771687514,2.4618,0.13858,0.75834,0.0017213,0.029169,0.06347,0.0041898,0.0040137,0.00035965,1.6405e-06,1.633e-05
133,39.6,918.74,483.6527680061389,2.4653,0.13897,0.75859,0.0016817,0.029048,0.063144,0.0041217,0.0039432,0.00035262,1.6054e-06,1.5995e-05
134,39.900000000000006,915.73,482.24475113784285,2.4689,0.13935,0.75884,0.0016421,0.028927,0.062818,0.0040536,0.0038726,0.00034558,1.5704e-06,1.566e-05
135,40.2,912.72,480.83261120685233,2.4724,0.13973,0.75909,0.0016024,0.028806,0.062492,0.0039855,0.0038021,0.00033854,1.5353e-06,1.5325e-05
136,40.5,909.72,479.4163117792301,2.476,0.14012,0.75934,0.0015628,0.028684,0.062166,0.0039174,0.0037315,0.0003315,1.5003e-06,1.4991e-05
137,40.8,906.71,477.995815881269,2.4795,0.1405,0.75959,0.0015232,0.028563,0.06184,0.0038493,0.003661,0.00032447,1.4652e-06,1.4656e-05
138,41.099999999999994,903.7,476.571085988229,2.4831,0.14088,0.75984,0.0014835,0.028442,0.061514,0.0037812,0.0035904,0.00031743,1.4302e-06,1.4321e-05
139,41.4,900.69,475.14208401277193,2.4866,0.14127,0.76009,0.0014439,0.028321,0.061187,0.0037131,0.0035199,0.00031039,1.3951e-06,1.3986e-05
140,41.699999999999996,897.68,473.7087712930805,2.4902,0.14165,0.76034,0.0014043,0.028199,0.060861,0.0036449,0.0034493,0.00030335,1.36e-06,1.3652e-05
141,42.0,894.68,472.27110858065413,2.4937,0.14204,0.76059,0.0013646,0.028078,0.060535,0.0035768,0.0033788,0.00029631,1.325e-06,1.3317e-05
142,42.3,891.67,470.82905602776896,2.4973,0.14242,0.76084,0.001325,0.027957,0.060209,0.0035087,0.0033082,0.00028928,1.2899e-06,1.2982e-05
143,42.6,888.66,469.38257317459073,2.5008,0.1428,0.76109,0.0012854,0.027835,0.059883,0.0034406,0.0032377,0.00028224,1.2549e-06,1.2647e-05
144,42.9,885.73,467.88887569592845,2.5043,0.14318,0.76133,0.0012496,0.027716,0.059566,0.0033761,0.0031714,0.00027572,1.2232e-06,1.2342e-05
145,43.2,882.92,466.3367881692372,2.5075,0.14353,0.76155,0.0012194,0.027599,0.05926,0.0033169,0.0031114,0.00026994,1.1964e-06,1.208e-05
146,43.5,880.1,464.77951762098985,2.5108,0.14389,0.76177,0.0011892,0.027482,0.058955,0.0032577,0.0030514,0.00026416,1.1697e-06,1.1818e-05
147,43.8,877.29,463.20621757485077,2.5141,0.14425,0.76199,0.001159,0.027366,0.05865,0.0031985,0.0029913,0.00025839,1.1429e-06,1.1556e-05
148,44.1,874.47,461.6383866187906,2.5174,0.1446,0.76221,0.0011288,0.027249,0.058344,0.0031392,0.0029313,0.00025261,1.1162e-06,1.1293e-05
149,44.4,871.66,460.05434461593774,2.5207,0.14496,0.76243,0.0010986,0.027132,0.058039,0.00308,0.0028713,0.00024684,1.0894e-06,1.1031e-05
150,44.7,868.84,458.475735453906,2.524,0.14531,0.76265,0.0010684,0.027015,0.057734,0.0030208,0.0028113,0.00024106,1.0627e-06,1.0769e-05
151,45.0,866.03,456.88072841826016,2.5272,0.14567,0.76287,0.0010382,0.026899,0.057428,0.0029616,0.0027512,0.00023528,1.0359e-06,1.0507e-05
152,45.300000000000004,863.21,455.2911156611778,2.5305,0.14603,0.76309,0.001008,0.026782,0.057123,0.0029024,0.0026912,0.00022951,1.0092e-06,1.0245e-05
153,45.6,860.4,453.6849126872085,2.5338,0.14638,0.76331,0.00097776,0.026665,0.056818,0.0028432,0.0026312,0.00022373,9.8244e-07,9.9825e-06
154,45.9,857.58,452.0840629794419,2.5371,0.14674,0.76354,0.00094756,0.026548,0.056513,0.0027839,0.0025712,0.00021796,9.5569e-07,9.7203e-06
155,46.2,854.77,450.47752441159594,2.5404,0.1471,0.76376,0.00091735,0.026432,0.056207,0.0027247,0.0025111,0.00021218,9.2894e-07,9.4581e-06
156,46.5,851.95,448.85409656145504,2.5436,0.14745,0.76398,0.00088715,0.026315,0.055902,0.0026655,0.0024511,0.0002064,9.0218e-07,9.1959e-06
157,46.800000000000004,849.13,447.21359549995793,2.5468,0.14781,0.76419,0.00086058,0.026196,0.055597,0.0026104,0.0023962,0.00020125,8.781e-07,8.9608e-06
158,47.099999999999994,846.29,445.5558326405345,2.5498,0.14816,0.76439,0.00083855,0.026074,0.055293,0.0025606,0.0023477,0.00019688,8.5734e-07,8.7597e-06
159,47.4,843.45,443.8806145800918,2.5528,0.14851,0.76459,0.00081652,0.025952,0.054988,0.0025107,0.0022992,0.00019251,8.3658e-07,8.5585e-06
160,47.699999999999996,840.61,442.1990502025078,2.5557,0.14886,0.76479,0.00079449,0.02583,0.054684,0.0024609,0.0022507,0.00018814,8.1583e-07,8.3573e-06
161,48.0,837.77,440.5224171367446,2.5587,0.14921,0.76499,0.00077246,0.025707,0.054379,0.002411,0.0022022,0.00018377,7.9507e-07,8.1561e-06
162,48.3,834.92,438.8279845224094,2.5617,0.14956,0.76519,0.00075043,0.025585,0.054075,0.0023612,0.0021537,0.0001794,7.7431e-07,7.9549e-06
163,48.6,832.08,437.12698383879257,2.5647,0.14991,0.76539,0.0007284,0.025463,0.05377,0.0023113,0.0021052,0.00017503,7.5355e-07,7.7537e-06
164,48.9,829.24,435.41933810982715,2.5677,0.15026,0.76559,0.00070637,0.025341,0.053466,0.0022615,0.0020567,0.00017066,7.328e-07,7.5525e-06
165,49.2,826.4,433.71649726520667,2.5707,0.15061,0.76579,0.00068434,0.025219,0.053162,0.0022116,0.0020082,0.00016629,7.1204e-07,7.3513e-06
166,49.5,823.56,431.99537034556283,2.5737,0.15097,0.76599,0.00066231,0.025097,0.052857,0.0021617,0.0019597,0.00016192,6.9128e-07,7.1501e-06
167,49.8,820.72,430.2673587433748,2.5767,0.15132,0.76619,0.00064028,0.024975,0.052553,0.0021119,0.0019112,0.00015755,6.7053e-07,6.9489e-06
168,50.1,817.88,428.54404674432243,2.5796,0.15167,0.76639,0.00061825,0.024853,0.052248,0.002062,0.0018627,0.00015318,6.4977e-07,6.7477e-06
169,50.4,815.04,426.80206185068977,2.5826,0.15202,0.76659,0.00059622,0.024731,0.051944,0.0020122,0.0018142,0.00014881,6.2901e-07,6.5465e-06
170,50.7,812.31,425.1235114646095,2.5852,0.15235,0.76677,0.00057827,0.024611,0.051653,0.0019692,0.0017726,0.00014508,6.1171e-07,6.3781e-06
171,51.0,809.68,423.5209557979392,2.5875,0.15267,0.76694,0.0005647,0.024494,0.051377,0.0019338,0.0017384,0.00014203,5.9813e-07,6.2452e-06
172,51.300000000000004,807.06,421.90046219457975,2.5897,0.15298,0.7671,0.00055113,0.024378,0.0511,0.0018983,0.0017042,0.00013898,5.8455e-07,6.1122e-06
173,51.6,804.44,420.28561717003834,2.5919,0.1533,0.76726,0.00053756,0.024261,0.050824,0.0018629,0.00167,0.00013593,5.7097e-07,5.9792e-06
174,51.9,801.81,418.65260061296647,2.5941,0.15361,0.76743,0.00052399,0.024144,0.050547,0.0018274,0.0016358,0.00013288,5.5739e-07,5.8463e-06
175,52.2,799.19,417.0131892398609,2.5964,0.15393,0.76759,0.00051042,0.024027,0.050271,0.001792,0.0016016,0.00012983,5.4381e-07,5.7133e-06
176,52.5,796.57,415.3793446959057,2.5986,0.15425,0.76776,0.00049685,0.02391,0.049994,0.0017565,0.0015674,0.00012679,5.3023e-07,5.5803e-06
177,52.800000000000004,793.94,413.726963104896,2.6008,0.15456,0.76792,0.00048328,0.023793,0.049718,0.001721,0.0015333,0.00012374,5.1665e-07,5.4474e-06
178,53.1,791.32,412.0800893030383,2.603,0.15488,0.76809,0.00046971,0.023677,0.049441,0.0016856,0.0014991,0.00012069,5.0307e-07,5.3144e-06
179,53.400000000000006,788.7,410.41442469776814,2.6053,0.15519,0.76825,0.00045614,0.02356,0.049165,0.0016501,0.0014649,0.00011764,4.8949e-07,5.1815e-06
180,53.7,786.07,408.7542048713383,2.6075,0.15551,0.76841,0.00044257,0.023443,0.048888,0.0016147,0.0014307,0.00011459,4.7591e-07,5.0485e-06
181,54.0,783.45,407.0749316772036,2.6097,0.15582,0.76858,0.000429,0.023326,0.048612,0.0015792,0.0013965,0.00011154,4.6233e-07,4.9155e-06
182,54.300000000000004,780.83,405.3887023586129,2.6119,0.15614,0.76874,0.00041543,0.023209,0.048335,0.0015437,0.0013623,0.00010849,4.4875e-07,4.7826e-06
183,54.6,778.34,403.81926650421224,2.6138,0.15644,0.76889,0.00040447,0.023097,0.048076,0.0015144,0.0013341,0.00010599,4.383e-07,4.6776e-06
184,54.900000000000006,775.99,402.36799077461416,2.6154,0.15671,0.76902,0.00039593,0.022989,0.047832,0.0014908,0.0013115,0.000104,4.3076e-07,4.5986e-06
185,55.2,773.64,400.8989897717379,2.617,0.15699,0.76916,0.00038739,0.022882,0.047588,0.0014672,0.0012889,0.000102,4.2322e-07,4.5195e-06
186,55.50000000000001,771.29,399.42458612358854,2.6186,0.15726,0.76929,0.00037885,0.022774,0.047344,0.0014435,0.0012663,0.00010001,4.1568e-07,4.4405e-06
187,55.800000000000004,768.94,397.94471977901657,2.6202,0.15754,0.76942,0.00037031,0.022666,0.0471,0.0014199,0.0012437,9.8018e-05,4.0814e-07,4.3615e-06
188,56.10000000000001,766.59,396.4593295660981,2.6218,0.15782,0.76955,0.00036177,0.022558,0.046856,0.0013963,0.0012211,9.6025e-05,4.006e-07,4.2825e-06
189,56.39999999999999,764.24,394.96835316262997,2.6234,0.15809,0.76969,0.00035323,0.022451,0.046612,0.0013726,0.0011985,9.4033e-05,3.9306e-07,4.2035e-06
190,56.699999999999996,761.89,393.47172706561776,2.625,0.15837,0.76982,0.00034469,0.022343,0.046368,0.001349,0.0011759,9.204e-05,3.8552e-07,4.1245e-06
191,56.99999999999999,759.54,391.96938655971593,2.6265,0.15865,0.76995,0.00033615,0.022235,0.046124,0.0013254,0.0011533,9.0047e-05,3.7798e-07,4.0455e-06
192,57.3,757.19,390.46126568457464,2.6281,0.15892,0.77009,0.00032761,0.022127,0.04588,0.0013017,0.0011307,8.8054e-05,3.7044e-07,3.9665e-06
193,57.599999999999994,754.83,388.94729720104755,2.6297,0.1592,0.77022,0.00031907,0.022019,0.045636,0.0012781,0.0011081,8.6061e-05,3.629e-07,3.8875e-06
194,57.9,752.48,387.4274125562103,2.6313,0.15948,0.77035,0.00031053,0.021912,0.045392,0.0012545,0.0010855,8.4068e-05,3.5536e-07,3.8085e-06
195,58.199999999999996,750.13,385.9015418471401,2.6329,0.15975,0.77048,0.00030199,0.021804,0.045148,0.0012308,0.0010629,8.2075e-05,3.4782e-07,3.7295e-06
196,58.5,747.96,384.5126785946076,2.6344,0.16001,0.7706,0.00029454,0.021703,0.044923,0.0012108,0.0010437,8.0372e-05,3.4137e-07,3.6609e-06
197,58.8,745.92,383.2362195826485,2.6359,0.16024,0.77071,0.00028795,0.021609,0.044713,0.0011935,0.0010272,7.8901e-05,3.3581e-07,3.6006e-06
198,59.099999999999994,743.89,381.9554947896417,2.6374,0.16048,0.77082,0.00028136,0.021514,0.044502,0.0011763,0.0010107,7.743e-05,3.3025e-07,3.5404e-06
199,59.4,741.85,380.67046116030593,2.6388,0.16072,0.77093,0.00027478,0.021419,0.044292,0.0011591,0.00099418,7.5959e-05,3.2468e-07,3.4802e-06
200,59.699999999999996,739.81,379.38107491017524,2.6403,0.16096,0.77104,0.00026819,0.021325,0.044082,0.0011419,0.00097769,7.4487e-05,3.1912e-07,3.4199e-06
201,60.0,737.78,378.08729150819124,2.6418,0.16119,0.77115,0.0002616,0.02123,0.043871,0.0011247,0.00096119,7.3016e-05,3.1355e-07,3.3597e-06
202,60.3,735.74,376.7890656587582,2.6432,0.16143,0.77126,0.00025501,0.021135,0.043661,0.0011075,0.00094469,7.1545e-05,3.0799e-07,3.2995e-06
203,60.6,733.71,375.48635128323906,2.6447,0.16167,0.77137,0.00024843,0.02104,0.043451,0.0010902,0.0009282,7.0074e-05,3.0242e-07,3.2392e-06
204,60.9,731.67,374.17910150087215,2.6462,0.16191,0.77148,0.00024184,0.020946,0.04324,0.001073,0.0009117,6.8602e-05,2.9686e-07,3.179e-06
205,61.199999999999996,729.64,372.8672686090856,2.6476,0.16215,0.77159,0.00023525,0.020851,0.04303,0.0010558,0.0008952,6.7131e-05,2.9129e-07,3.1188e-06
206,61.5,727.6,371.550804063186,2.6491,0.16238,0.7717,0.00022866,0.020756,0.04282,0.0010386,0.0008787,6.566e-05,2.8573e-07,3.0585e-06
207,61.8,725.57,370.2296584553971,2.6506,0.16262,0.77181,0.00022208,0.020662,0.042609,0.0010214,0.00086221,6.4188e-05,2.8016e-07,2.9983e-06
208,62.1,723.53,368.9037814932235,2.6521,0.16286,0.77192,0.00021549,0.020567,0.042399,0.0010041,0.00084571,6.2717e-05,2.746e-07,2.9381e-06
209,62.4,721.61,367.5867244610447,2.6535,0.16308,0.77203,0.00020956,0.020478,0.042201,0.00098747,0.00082999,6.1335e-05,2.6874e-07,2.876e-06
210,62.7,719.77,366.27858250244446,2.6548,0.1633,0.77213,0.00020408,0.020392,0.04201,0.00097117,0.0008148,6.0015e-05,2.6269e-07,2.8127e-06
211,63.0,717.93,364.9657518178932,2.6562,0.16351,0.77223,0.0001986,0.020307,0.04182,0.00095487,0.00079962,5.8695e-05,2.5665e-07,2.7493e-06
212,63.3,716.1,363.6344318130504,2.6576,0.16373,0.77232,0.00019313,0.020222,0.041629,0.00093857,0.00078443,5.7375e-05,2.506e-07,2.686e-06
213,63.6,714.26,362.3120202256613,2.659,0.16394,0.77242,0.00018765,0.020136,0.041439,0.00092227,0.00076925,5.6054e-05,2.4455e-07,2.6227e-06
214,63.9,712.42,360.9709129556009,2.6603,0.16416,0.77252,0.00018217,0.020051,0.041248,0.00090597,0.00075406,5.4734e-05,2.385e-07,2.5593e-06
215,64.2,710.58,359.6387075941632,2.6617,0.16437,0.77262,0.00017669,0.019965,0.041058,0.00088967,0.00073887,5.3414e-05,2.3245e-07,2.496e-06
216,64.5,708.74,358.28759398003166,2.6631,0.16458,0.77272,0.00017122,0.01988,0.040867,0.00087337,0.00072369,5.2094e-05,2.264e-07,2.4327e-06
217,64.8,706.91,356.9453739719847,2.6645,0.1648,0.77282,0.00016574,0.019795,0.040677,0.00085707,0.0007085,5.0773e-05,2.2035e-07,2.3693e-06
218,65.10000000000001,705.07,355.58402663786796,2.6658,0.16501,0.77292,0.00016026,0.019709,0.040487,0.00084077,0.00069332,4.9453e-05,2.143e-07,2.306e-06
219,65.4,703.23,354.2315626818141,2.6672,0.16523,0.77302,0.00015478,0.019624,0.040296,0.00082447,0.00067813,4.8133e-05,2.0825e-07,2.2427e-06
220,65.7,701.39,352.8597455080418,2.6686,0.16544,0.77312,0.00014931,0.019539,0.040106,0.00080816,0.00066294,4.6813e-05,2.022e-07,2.1793e-06
221,66.0,699.55,351.4967994164385,2.67,0.16566,0.77322,0.00014383,0.019453,0.039915,0.00079186,0.00064776,4.5492e-05,1.9615e-07,2.116e-06
222,66.3,697.71,350.0714212842859,2.6714,0.16587,0.77332,0.00013942,0.019367,0.039723,0.000776,0.00063353,4.4333e-05,1.9107e-07,2.0613e-06
223,66.60000000000001,695.86,348.5971887436845,2.6729,0.16609,0.77341,0.00013563,0.019279,0.03953,0.00076039,0.00061986,4.3269e-05,1.8657e-07,2.0117e-06
224,66.9,694.01,347.1166950753017,2.6744,0.16631,0.77351,0.00013184,0.019192,0.039336,0.00074478,0.00060619,4.2205e-05,1.8207e-07,1.962e-06
225,67.2,692.16,345.6443258611372,2.676,0.16653,0.77361,0.00012805,0.019105,0.039143,0.00072917,0.00059252,4.1141e-05,1.7757e-07,1.9124e-06
226,67.5,690.31,344.1511295927997,2.6775,0.16674,0.77371,0.00012426,0.019018,0.03895,0.00071356,0.00057885,4.0076e-05,1.7307e-07,1.8627e-06
227,67.80000000000001,688.46,342.6514263796373,2.679,0.16696,0.7738,0.00012047,0.018931,0.038756,0.00069795,0.00056518,3.9012e-05,1.6857e-07,1.813e-06
228,68.10000000000001,686.61,341.15978661032136,2.6805,0.16718,0.7739,0.00011668,0.018843,0.038563,0.00068234,0.00055151,3.7948e-05,1.6407e-07,1.7634e-06
229,68.4,684.76,339.6468754456605,2.682,0.16739,0.774,0.00011289,0.018756,0.03837,0.00066673,0.00053784,3.6883e-05,1.5957e-07,1.7137e-06
230,68.7,682.91,338.1271950021175,2.6835,0.16761,0.7741,0.0001091,0.018669,0.038176,0.00065113,0.00052417,3.5819e-05,1.5507e-07,1.6641e-06
231,69.0,681.06,336.61550766415974,2.685,0.16783,0.77419,0.00010531,0.018582,0.037983,0.00063552,0.0005105,3.4755e-05,1.5057e-07,1.6144e-06
232,69.3,679.21,335.0820794969495,2.6865,0.16805,0.77429,0.00010152,0.018495,0.03779,0.00061991,0.00049683,3.3691e-05,1.4607e-07,1.5648e-06
233,69.6,677.36,333.5565919000852,2.688,0.16826,0.77439,9.7735e-05,0.018407,0.037596,0.0006043,0.00048317,3.2626e-05,1.4157e-07,1.5151e-06
234,69.89999999999999,675.51,332.0090360216119,2.6895,0.16848,0.77449,9.3945e-05,0.01832,0.037403,0.00058869,0.0004695,3.1562e-05,1.3707e-07,1.4655e-06
235,70.19999999999999,673.62,330.27261466854924,2.6907,0.1687,0.77459,9.0485e-05,0.01823,0.037203,0.00057269,0.00045557,3.0495e-05,1.3288e-07,1.4196e-06
236,70.5,671.7,328.42046221269464,2.6917,0.16893,0.77469,8.7189e-05,0.018139,0.037001,0.00055651,0.00044152,2.9425e-05,1.2886e-07,1.3755e-06
237,70.8,669.79,326.5731158561586,2.6927,0.16916,0.77479,8.3893e-05,0.018047,0.036798,0.00054032,0.00042746,2.8356e-05,1.2483e-07,1.3314e-06
238,71.1,667.87,324.6998614105032,2.6937,0.16939,0.77489,8.0597e-05,0.017956,0.036595,0.00052413,0.00041341,2.7287e-05,1.208e-07,1.2873e-06
239,71.39999999999999,665.96,322.8312252555505,2.6946,0.16961,0.77499,7.73e-05,0.017864,0.036393,0.00050794,0.00039935,2.6217e-05,1.1678e-07,1.2433e-06
240,71.7,664.04,320.9361307176242,2.6956,0.16984,0.77509,7.4004e-05,0.017773,0.03619,0.00049176,0.0003853,2.5148e-05,1.1275e-07,1.1992e-06
241,72.0,662.13,319.04545130749005,2.6966,0.17007,0.7752,7.0708e-05,0.017681,0.035987,0.00047557,0.00037124,2.4079e-05,1.0872e-07,1.1551e-06
242,72.3,660.21,317.1277345171816,2.6976,0.1703,0.7753,6.7412e-05,0.01759,0.035785,0.00045938,0.00035719,2.3009e-05,1.047e-07,1.1111e-06
243,72.6,658.3,315.2078679221063,2.6986,0.17052,0.7754,6.4116e-05,0.017498,0.035582,0.00044319,0.00034313,2.194e-05,1.0067e-07,1.067e-06
244,72.89999999999999,656.38,313.2746398928582,2.6996,0.17075,0.7755,6.082e-05,0.017407,0.035379,0.00042701,0.00032908,2.0871e-05,9.6644e-08,1.0229e-06
245,73.2,654.47,311.32940754127293,2.7005,0.17098,0.7756,5.7524e-05,0.017315,0.035177,0.00041082,0.00031502,1.9802e-05,9.2617e-08,9.7885e-07
246,73.5,652.55,309.37194442935515,2.7015,0.17121,0.7757,5.4228e-05,0.017224,0.034974,0.00039463,0.00030097,1.8732e-05,8.8591e-08,9.3477e-07
247,73.8,650.64,307.4020169094536,2.7025,0.17143,0.7758,5.0932e-05,0.017132,0.034771,0.00037844,0.00028691,1.7663e-05,8.4564e-08,8.907e-07
248,74.1,648.91,305.38009103410786,2.7036,0.17164,0.77589,4.8817e-05,0.017049,0.034588,0.00036541,0.00027618,1.6916e-05,8.1563e-08,8.5838e-07
249,74.4,647.19,303.34304013772925,2.7048,0.17184,0.77598,4.675e-05,0.016965,0.034406,0.0003525,0.00026558,1.6181e-05,7.8602e-08,8.2653e-07
250,74.7,645.47,301.29221695888526,2.7059,0.17205,0.77607,4.4683e-05,0.016882,0.034223,0.0003396,0.00025499,1.5446e-05,7.5641e-08,7.9467e-07
251,75.0,643.75,299.22900928887225,2.7071,0.17225,0.77616,4.2616e-05,0.016798,0.034041,0.00032669,0.00024439,1.4712e-05,7.268e-08,7.6282e-07
252,75.3,642.04,297.1497938750757,2.7082,0.17245,0.77625,4.0548e-05,0.016715,0.033859,0.00031378,0.00023379,1.3977e-05,6.9719e-08,7.3096e-07
253,75.6,640.32,295.05592690200274,2.7093,0.17266,0.77633,3.8481e-05,0.016631,0.033676,0.00030088,0.00022319,1.3242e-05,6.6758e-08,6.9911e-07
254,75.9,638.6,292.9470941996182,2.7105,0.17286,0.77642,3.6414e-05,0.016548,0.033494,0.00028797,0.00021259,1.2508e-05,6.3797e-08,6.6726e-07
255,76.2,636.88,290.82297020696285,2.7116,0.17307,0.77651,3.4346e-05,0.016464,0.033311,0.00027506,0.00020199,1.1773e-05,6.0836e-08,6.354e-07
256,76.5,635.16,288.68321738542403,2.7127,0.17327,0.7766,3.2279e-05,0.016381,0.033129,0.00026215,0.00019139,1.1038e-05,5.7875e-08,6.0355e-07
257,76.8,633.45,286.5274855925693,2.7139,0.17347,0.77669,3.0212e-05,0.016297,0.032947,0.00024925,0.00018079,1.0304e-05,5.4914e-08,5.7169e-07
258,77.10000000000001,631.73,284.35541141325234,2.715,0.17368,0.77677,2.8144e-05,0.016214,0.032764,0.00023634,0.00017019,9.569e-06,5.1953e-08,5.3984e-07
259,77.4,630.01,282.16838944148225,2.7162,0.17388,0.77686,2.6077e-05,0.01613,0.032582,0.00022343,0.00015959,8.8344e-06,4.8992e-08,5.0798e-07
260,77.7,628.29,279.9624974885029,2.7173,0.17409,0.77695,2.401e-05,0.016047,0.032399,0.00021053,0.000149,8.0997e-06,4.6031e-08,4.7613e-07
261,78.0,626.57,277.73908619421934,2.7184,0.17429,0.77704,2.1942e-05,0.015963,0.032217,0.00019762,0.0001384,7.3651e-06,4.307e-08,4.4428e-07
262,78.3,624.85,275.49773138811867,2.7196,0.17449,0.77713,1.9875e-05,0.01588,0.032035,0.00018471,0.0001278,6.6304e-06,4.0109e-08,4.1242e-07
263,78.60000000000001,623.32,273.6293112954093,2.7203,0.17467,0.7772,1.908e-05,0.015804,0.031875,0.00017803,0.00012289,6.3532e-06,3.8634e-08,3.9702e-07
264,78.9,621.8,271.75540473006237,2.721,0.17485,0.77727,1.8303e-05,0.015728,0.031716,0.00017144,0.00011806,6.0825e-06,3.718e-08,3.8186e-07
265,79.2,620.27,269.8666337285882,2.7218,0.17503,0.77734,1.7527e-05,0.015653,0.031556,0.00016485,0.00011323,5.8119e-06,3.5726e-08,3.667e-07
266,79.5,618.74,267.9645498941978,2.7225,0.1752,0.77741,1.675e-05,0.015577,0.031397,0.00015826,0.0001084,5.5413e-06,3.4273e-08,3.5153e-07
267,79.80000000000001,617.21,266.0507470389813,2.7232,0.17538,0.77748,1.5974e-05,0.015501,0.031238,0.00015167,0.00010358,5.2706e-06,3.2819e-08,3.3637e-07
268,80.10000000000001,615.68,264.12118430750684,2.724,0.17556,0.77755,1.5197e-05,0.015425,0.031079,0.00014508,9.8748e-05,5e-06,3.1366e-08,3.2121e-07
269,80.4,614.16,262.17742084321446,2.7247,0.17574,0.77762,1.442e-05,0.01535,0.030919,0.00013849,9.392e-05,4.7294e-06,2.9912e-08,3.0605e-07
270,80.7,612.63,260.22105987025725,2.7254,0.17591,0.77769,1.3644e-05,0.015274,0.03076,0.00013191,8.9092e-05,4.4587e-06,2.8458e-08,2.9089e-07
271,81.0,611.1,258.2479428766084,2.7262,0.17609,0.77776,1.2867e-05,0.015198,0.030601,0.00012532,8.4264e-05,4.1881e-06,2.7005e-08,2.7572e-07
272,81.3,609.57,256.25963396524236,2.7269,0.17627,0.77783,1.209e-05,0.015123,0.030442,0.00011873,7.9437e-05,3.9175e-06,2.5551e-08,2.6056e-07
273,81.6,608.04,254.25774324492068,2.7276,0.17644,0.7779,1.1314e-05,0.015047,0.030282,0.00011214,7.4609e-05,3.6469e-06,2.4098e-08,2.454e-07
274,81.89999999999999,606.52,252.23798286538846,2.7284,0.17662,0.77797,1.0537e-05,0.014971,0.030123,0.00010555,6.9781e-05,3.3762e-06,2.2644e-08,2.3024e-07
275,82.19999999999999,604.99,250.20191845787275,2.7291,0.1768,0.77804,9.7605e-06,0.014895,0.029964,9.8958e-05,6.4953e-05,3.1056e-06,2.119e-08,2.1507e-07
276,82.5,603.46,248.15116360799118,2.7298,0.17698,0.77811,8.9839e-06,0.01482,0.029805,9.2368e-05,6.0125e-05,2.835e-06,1.9737e-08,1.9991e-07
277,82.8,601.93,246.08128738284836,2.7306,0.17715,0.77818,8.2073e-06,0.014744,0.029646,8.5779e-05,5.5297e-05,2.5643e-06,1.8283e-08,1.8475e-07
278,83.1,600.4,243.9938523815713,2.7313,0.17733,0.77825,7.4306e-06,0.014668,0.029486,7.9189e-05,5.047e-05,2.2937e-06,1.683e-08,1.6959e-07
279,83.39999999999999,598.88,241.89047108143802,2.732,0.17751,0.77833,6.654e-06,0.014593,0.029327,7.26e-05,4.5642e-05,2.0231e-06,1.5376e-08,1.5443e-07
280,83.7,597.41,239.96458071973873,2.7324,0.17768,0.77839,6.0608e-06,0.01452,0.029176,6.7462e-05,4.1932e-05,1.8198e-06,1.4232e-08,1.4257e-07
281,84.0,596.09,238.42818625321965,2.7319,0.17783,0.77845,5.8362e-06,0.014453,0.02904,6.5238e-05,4.0469e-05,1.752e-06,1.3709e-08,1.3734e-07
282,84.3,594.76,236.87971631188685,2.7314,0.17798,0.7785,5.6115e-06,0.014387,0.028904,6.3015e-05,3.9005e-05,1.6842e-06,1.3187e-08,1.3211e-07
283,84.6,593.44,235.32105728132365,2.731,0.17813,0.77856,5.3869e-06,0.01432,0.028768,6.0792e-05,3.7541e-05,1.6163e-06,1.2664e-08,1.2688e-07
284,84.89999999999999,592.11,233.7520053389917,2.7305,0.17828,0.77862,5.1622e-06,0.014254,0.028632,5.8569e-05,3.6078e-05,1.5485e-06,1.2141e-08,1.2165e-07
285,85.2,590.79,232.1723497749032,2.73,0.17843,0.77867,4.9376e-06,0.014187,0.028496,5.6346e-05,3.4614e-05,1.4807e-06,1.1619e-08,1.1642e-07
286,85.5,589.46,230.58404107830185,2.7296,0.17858,0.77873,4.7129e-06,0.014121,0.028361,5.4123e-05,3.315e-05,1.4128e-06,1.1096e-08,1.1119e-07
287,85.8,588.13,228.98253208487324,2.7291,0.17873,0.77879,4.4883e-06,0.014054,0.028225,5.19e-05,3.1687e-05,1.345e-06,1.0574e-08,1.0596e-07
288,86.1,586.81,227.36974292988063,2.7287,0.17888,0.77884,4.2636e-06,0.013987,0.028089,4.9677e-05,3.0223e-05,1.2772e-06,1.0051e-08,1.0073e-07
289,86.4,585.48,225.7454318474684,2.7282,0.17903,0.7789,4.039e-06,0.013921,0.027953,4.7454e-05,2.8759e-05,1.2093e-06,9.5283e-09,9.5504e-08
290,86.7,584.16,224.1093483101497,2.7277,0.17918,0.77895,3.8143e-06,0.013854,0.027817,4.5231e-05,2.7296e-05,1.1415e-06,9.0056e-09,9.0274e-08
291,87.0,582.83,222.46348014898985,2.7273,0.17933,0.77901,3.5897e-06,0.013788,0.027682,4.3008e-05,2.5832e-05,1.0737e-06,8.483e-09,8.5045e-08
292,87.3,581.51,220.8030796886674,2.7268,0.17948,0.77907,3.365e-06,0.013721,0.027546,4.0784e-05,2.4368e-05,1.0058e-06,7.9604e-09,7.9816e-08
293,87.6,580.18,219.13009834342702,2.7263,0.17963,0.77912,3.1404e-06,0.013655,0.02741,3.8561e-05,2.2905e-05,9.3801e-07,7.4378e-09,7.4587e-08
294,87.9,578.85,217.44424572749676,2.7259,0.17978,0.77918,2.9157e-06,0.013588,0.027274,3.6338e-05,2.1441e-05,8.7018e-07,6.9151e-09,6.9358e-08
295,88.2,577.53,215.74522010927612,2.7254,0.17993,0.77924,2.6911e-06,0.013522,0.027138,3.4115e-05,1.9977e-05,8.0234e-07,6.3925e-09,6.4129e-08
296,88.5,576.2,214.03504385964462,2.7249,0.18009,0.77929,2.4664e-06,0.013455,0.027002,3.1892e-05,1.8514e-05,7.3451e-07,5.8699e-09,5.89e-08
297,88.8,574.88,212.30873745562144,2.7245,0.18024,0.77935,2.2418e-06,0.013388,0.026867,2.9669e-05,1.705e-05,6.6668e-07,5.3472e-09,5.3671e-08
298,89.1,573.55,210.56827871263042,2.724,0.18039,0.7794,2.0171e-06,0.013322,0.026731,2.7446e-05,1.5586e-05,5.9885e-07,4.8246e-09,4.8442e-08
299,89.4,572.23,208.81331375178164,2.7235,0.18054,0.77946,1.7925e-06,0.013255,0.026595,2.5223e-05,1.4123e-05,5.3101e-07,4.302e-09,4.3213e-08
300,89.7,570.9,207.04347369574342,2.7231,0.18069,0.77952,1.5678e-06,0.013189,0.026459,2.3e-05,1.2659e-05,4.6318e-07,3.7794e-09,3.7983e-08
301,90.0,569.72,205.58696456730908,2.7227,0.18082,0.77957,1.4347e-06,0.013129,0.026338,2.1599e-05,1.1757e-05,4.2315e-07,3.4676e-09,3.4856e-08
302,90.3,568.67,204.4186879910934,2.7223,0.18094,0.77961,1.3851e-06,0.013075,0.02623,2.0947e-05,1.1367e-05,4.0846e-07,3.348e-09,3.3644e-08
303,90.60000000000001,567.62,203.24615617521528,2.7219,0.18106,0.77965,1.3354e-06,0.013022,0.026122,2.0295e-05,1.0977e-05,3.9376e-07,3.2284e-09,3.2432e-08
304,90.9,566.57,202.06434618705003,2.7215,0.18118,0.7797,1.2858e-06,0.012968,0.026014,1.9644e-05,1.0587e-05,3.7907e-07,3.1088e-09,3.122e-08
305,91.2,565.52,200.87558338434266,2.7212,0.1813,0.77974,1.2362e-06,0.012915,0.025906,1.8992e-05,1.0197e-05,3.6438e-07,2.9892e-09,3.0009e-08
306,91.5,564.48,199.67974358957895,2.7208,0.18142,0.77978,1.1865e-06,0.012861,0.025798,1.834e-05,9.8074e-06,3.4968e-07,2.8696e-09,2.8797e-08
307,91.8,563.43,198.47921805569467,2.7204,0.18154,0.77983,1.1369e-06,0.012808,0.02569,1.7688e-05,9.4174e-06,3.3499e-07,2.75e-09,2.7585e-08
308,92.10000000000001,562.38,197.26885207756445,2.72,0.18166,0.77987,1.0872e-06,0.012754,0.025582,1.7037e-05,9.0274e-06,3.2029e-07,2.6304e-09,2.6373e-08
309,92.4,561.33,196.05101376937586,2.7197,0.18178,0.77991,1.0376e-06,0.012701,0.025474,1.6385e-05,8.6374e-06,3.056e-07,2.5108e-09,2.5161e-08
310,92.7,560.28,194.82556300444764,2.7193,0.1819,0.77996,9.8795e-07,0.012647,0.025366,1.5733e-05,8.2475e-06,2.9091e-07,2.3912e-09,2.3949e-08
311,93.0,559.23,193.59493795035036,2.7189,0.18202,0.78,9.3831e-07,0.012594,0.025258,1.5082e-05,7.8575e-06,2.7621e-07,2.2716e-09,2.2737e-08
312,93.30000000000001,558.18,192.35384061671346,2.7185,0.18214,0.78004,8.8867e-07,0.01254,0.02515,1.443e-05,7.4675e-06,2.6152e-07,2.1519e-09,2.1525e-08
313,93.60000000000001,557.13,191.10468335443798,2.7182,0.18226,0.78009,8.3903e-07,0.012487,0.025042,1.3778e-05,7.0775e-06,2.4683e-07,2.0323e-09,2.0313e-08
314,93.89999999999999,556.08,189.8473070654414,2.7178,0.18238,0.78013,7.8939e-07,0.012433,0.024934,1.3126e-05,6.6876e-06,2.3213e-07,1.9127e-09,1.9101e-08
315,94.19999999999999,555.04,188.58419870180003,2.7174,0.1825,0.78018,7.3975e-07,0.01238,0.024826,1.2475e-05,6.2976e-06,2.1744e-07,1.7931e-09,1.7889e-08
316,94.5,553.99,187.30990363565937,2.717,0.18262,0.78022,6.9011e-07,0.012326,0.024718,1.1823e-05,5.9076e-06,2.0275e-07,1.6735e-09,1.6677e-08
317,94.8,552.94,186.02687977816538,2.7166,0.18274,0.78026,6.4047e-07,0.012273,0.02461,1.1171e-05,5.5176e-06,1.8805e-07,1.5539e-09,1.5466e-08
318,95.1,551.89,184.73494525941754,2.7163,0.18286,0.78031,5.9083e-07,0.012219,0.024502,1.052e-05,5.1277e-06,1.7336e-07,1.4343e-09,1.4254e-08
319,95.39999999999999,550.84,183.43663756185677,2.7159,0.18298,0.78035,5.4119e-07,0.012166,0.024394,9.8678e-06,4.7377e-06,1.5866e-07,1.3147e-09,1.3042e-08
320,95.7,549.79,182.12632978237934,2.7155,0.1831,0.78039,4.9155e-07,0.012112,0.024286,9.2161e-06,4.3477e-06,1.4397e-07,1.1951e-09,1.183e-08
321,96.0,548.74,180.8065264308786,2.7151,0.18322,0.78044,4.4191e-07,0.012059,0.024178,8.5644e-06,3.9578e-06,1.2928e-07,1.0755e-09,1.0618e-08
322,96.3,547.69,179.47701802737865,2.7148,0.18334,0.78048,3.9227e-07,0.012005,0.02407,7.9126e-06,3.5678e-06,1.1458e-07,9.5591e-10,9.406e-09
323,96.6,546.64,178.14039407164228,2.7144,0.18345,0.78052,3.4263e-07,0.011951,0.023962,7.2609e-06,3.1778e-06,9.9889e-08,8.3631e-10,8.1941e-09
324,96.89999999999999,545.6,176.79083686662042,2.714,0.18357,0.78057,2.9299e-07,0.011898,0.023854,6.6092e-06,2.7878e-06,8.5196e-08,7.1671e-10,6.9822e-09
325,97.2,544.55,175.4308980767071,2.7136,0.18369,0.78061,2.4335e-07,0.011844,0.023746,5.9575e-06,2.3979e-06,7.0502e-08,5.971e-10,5.7703e-09
326,97.5,543.71,174.6052691072065,2.7131,0.18379,0.78064,2.362e-07,0.011802,0.02366,5.8295e-06,2.331e-06,6.8412e-08,5.7939e-10,5.5951e-09
327,97.8,542.88,173.77859476932136,2.7126,0.18388,0.78068,2.2931e-07,0.011759,0.023574,5.7048e-06,2.266e-06,6.6398e-08,5.623e-10,5.4263e-09
328,98.1,542.05,172.94796905427944,2.712,0.18398,0.78071,2.2242e-07,0.011716,0.023488,5.58e-06,2.2011e-06,6.4384e-08,5.4521e-10,5.2574e-09
329,98.4,541.21,172.11333475358614,2.7115,0.18407,0.78075,2.1553e-07,0.011673,0.023402,5.4552e-06,2.1361e-06,6.237e-08,5.2812e-10,5.0885e-09
330,98.7,540.38,171.27463326482413,2.7109,0.18417,0.78078,2.0864e-07,0.01163,0.023316,5.3304e-06,2.0712e-06,6.0356e-08,5.1103e-10,4.9196e-09
331,99.0,539.55,170.43180454363556,2.7104,0.18427,0.78082,2.0175e-07,0.011588,0.02323,5.2056e-06,2.0062e-06,5.8342e-08,4.9394e-10,4.7507e-09
332,99.3,538.72,169.5847870535562,2.7099,0.18436,0.78085,1.9486e-07,0.011545,0.023144,5.0809e-06,1.9413e-06,5.6329e-08,4.7685e-10,4.5819e-09
333,99.6,537.88,168.73351771358293,2.7093,0.18446,0.78088,1.8797e-07,0.011502,0.023058,4.9561e-06,1.8763e-06,5.4315e-08,4.5976e-10,4.413e-09
334,99.9,537.05,167.87793184334862,2.7088,0.18455,0.78092,1.8108e-07,0.011459,0.022972,4.8313e-06,1.8114e-06,5.2301e-08,4.4267e-10,4.2441e-09
335,100.2,536.22,167.01796310576896,2.7082,0.18465,0.78095,1.7419e-07,0.011416,0.022886,4.7065e-06,1.7464e-06,5.0287e-08,4.2558e-10,4.0752e-09
336,100.49999999999999,535.38,166.1535434470177,2.7077,0.18474,0.78099,1.673e-07,0.011374,0.022801,4.5818e-06,1.6815e-06,4.8273e-08,4.0849e-10,3.9064e-09
337,100.8,534.55,165.28460303367643,2.7072,0.18484,0.78102,1.6041e-07,0.011331,0.022715,4.457e-06,1.6165e-06,4.6259e-08,3.914e-10,3.7375e-09
338,101.1,533.72,164.41107018689465,2.7066,0.18493,0.78106,1.5352e-07,0.011288,0.022629,4.3322e-06,1.5516e-06,4.4245e-08,3.7431e-10,3.5686e-09
339,101.4,532.89,163.5328713133846,2.7061,0.18503,0.78109,1.4663e-07,0.011245,0.022543,4.2074e-06,1.4866e-06,4.2231e-08,3.5722e-10,3.3997e-09
340,101.69999999999999,532.05,162.64993083306246,2.7055,0.18512,0.78112,1.3974e-07,0.011202,0.022457,4.0826e-06,1.4217e-06,4.0218e-08,3.4013e-10,3.2308e-09
341,102.0,531.22,161.76217110313524,2.705,0.18522,0.78116,1.3285e-07,0.01116,0.022371,3.9579e-06,1.3567e-06,3.8204e-08,3.2304e-10,3.062e-09
342,102.3,530.39,160.86951233841668,2.7044,0.18531,0.78119,1.2596e-07,0.011117,0.022285,3.8331e-06,1.2918e-06,3.619e-08,3.0595e-10,2.8931e-09
343,102.60000000000001,529.56,159.97187252764155,2.7039,0.18541,0.78123,1.1907e-07,0.011074,0.022199,3.7083e-06,1.2268e-06,3.4176e-08,2.8886e-10,2.7242e-09
344,102.89999999999999,528.72,159.06916734552928,2.7034,0.1855,0.78126,1.1218e-07,0.011031,0.022113,3.5835e-06,1.1619e-06,3.2162e-08,2.7177e-10,2.5553e-09
345,103.2,527.89,158.1613100603305,2.7028,0.1856,0.7813,1.0529e-07,0.010989,0.022027,3.4588e-06,1.0969e-06,3.0148e-08,2.5468e-10,2.3865e-09
346,103.49999999999999,527.06,157.24821143656928,2.7023,0.18569,0.78133,9.8399e-08,0.010946,0.021941,3.334e-06,1.032e-06,2.8134e-08,2.3759e-10,2.2176e-09
347,103.8,526.22,156.32977963267268,2.7017,0.18579,0.78136,9.1509e-08,0.010903,0.021855,3.2092e-06,9.6704e-07,2.612e-08,2.205e-10,2.0487e-09
348,104.1,525.39,155.40592009315475,2.7012,0.18588,0.7814,8.4619e-08,0.01086,0.021769,3.0844e-06,9.0209e-07,2.4107e-08,2.0341e-10,1.8798e-09
349,104.4,524.56,154.47653543499737,2.7007,0.18598,0.78143,7.7729e-08,0.010817,0.021683,2.9596e-06,8.3714e-07,2.2093e-08,1.8632e-10,1.7109e-09
350,104.69999999999999,523.73,153.54152532784087,2.7001,0.18607,0.78147,7.0838e-08,0.010775,0.021597,2.8349e-06,7.7219e-07,2.0079e-08,1.6923e-10,1.5421e-09
351,105.0,522.89,152.6007863675676,2.6996,0.18617,0.7815,6.3948e-08,0.010732,0.021511,2.7101e-06,7.0725e-07,1.8065e-08,1.5214e-10,1.3732e-09
352,105.3,522.06,151.65421194282735,2.699,0.18626,0.78153,5.7058e-08,0.010689,0.021425,2.5853e-06,6.423e-07,1.6051e-08,1.3505e-10,1.2043e-09
353,105.60000000000001,521.23,150.70169209401732,2.6985,0.18636,0.78157,5.0168e-08,0.010646,0.02134,2.4605e-06,5.7735e-07,1.4037e-08,1.1796e-10,1.0354e-09
354,105.89999999999999,520.41,149.77316181479245,2.6979,0.18645,0.7816,4.3745e-08,0.010604,0.021255,2.3433e-06,5.166e-07,1.216e-08,1.0204e-10,8.7831e-10
355,106.2,519.72,149.1676908717166,2.6967,0.18653,0.78163,4.2717e-08,0.010569,0.021185,2.3132e-06,5.043e-07,1.1864e-08,9.9648e-11,8.5686e-10
356,106.5,519.03,148.5631178994302,2.6954,0.18661,0.78166,4.169e-08,0.010534,0.021115,2.2831e-06,4.92e-07,1.1568e-08,9.7257e-11,8.354e-10
357,106.80000000000001,518.35,147.95607456268905,2.6942,0.18668,0.78169,4.0662e-08,0.0105,0.021046,2.253e-06,4.7971e-07,1.1272e-08,9.4867e-11,8.1394e-10
358,107.1,517.66,147.34313692873516,2.693,0.18676,0.78171,3.9635e-08,0.010465,0.020976,2.2228e-06,4.6741e-07,1.0976e-08,9.2477e-11,7.9249e-10
359,107.4,516.98,146.7310464761974,2.6917,0.18684,0.78174,3.8607e-08,0.01043,0.020906,2.1927e-06,4.5512e-07,1.068e-08,9.0087e-11,7.7103e-10
360,107.69999999999999,516.29,146.11639196202458,2.6905,0.18692,0.78177,3.7579e-08,0.010395,0.020836,2.1626e-06,4.4282e-07,1.0384e-08,8.7697e-11,7.4957e-10
361,108.0,515.61,145.49570440394453,2.6892,0.18699,0.7818,3.6552e-08,0.010361,0.020767,2.1325e-06,4.3052e-07,1.0088e-08,8.5307e-11,7.2812e-10
362,108.3,514.92,144.8758088847134,2.688,0.18707,0.78182,3.5524e-08,0.010326,0.020697,2.1024e-06,4.1823e-07,9.7914e-09,8.2917e-11,7.0666e-10
363,108.60000000000001,514.23,144.25324953012324,2.6868,0.18715,0.78185,3.4497e-08,0.010291,0.020627,2.0723e-06,4.0593e-07,9.4953e-09,8.0527e-11,6.8521e-10
364,108.89999999999999,513.55,143.6245104430299,2.6855,0.18722,0.78188,3.3469e-08,0.010256,0.020557,2.0421e-06,3.9364e-07,9.1992e-09,7.8137e-11,6.6375e-10
365,109.2,512.86,142.99650345375582,2.6843,0.1873,0.78191,3.2441e-08,0.010221,0.020487,2.012e-06,3.8134e-07,8.9031e-09,7.5747e-11,6.4229e-10
366,109.5,512.18,142.36221408786813,2.6831,0.18738,0.78194,3.1414e-08,0.010187,0.020418,1.9819e-06,3.6904e-07,8.607e-09,7.3357e-11,6.2084e-10
367,109.80000000000001,511.49,141.72861390700186,2.6818,0.18746,0.78196,3.0386e-08,0.010152,0.020348,1.9518e-06,3.5675e-07,8.3109e-09,7.0966e-11,5.9938e-10
368,110.1,510.81,141.0921684573598,2.6806,0.18753,0.78199,2.9359e-08,0.010117,0.020278,1.9217e-06,3.4445e-07,8.0148e-09,6.8576e-11,5.7792e-10
369,110.4,510.12,140.44927910103348,2.6793,0.18761,0.78202,2.8331e-08,0.010082,0.020208,1.8916e-06,3.3216e-07,7.7187e-09,6.6186e-11,5.5647e-10
370,110.7,509.43,139.8070098385628,2.6781,0.18769,0.78205,2.7303e-08,0.010048,0.020139,1.8614e-06,3.1986e-07,7.4226e-09,6.3796e-11,5.3501e-10
371,111.00000000000001,508.75,139.1617763611833,2.6769,0.18776,0.78207,2.6276e-08,0.010013,0.020069,1.8313e-06,3.0756e-07,7.1265e-09,6.1406e-11,5.1355e-10
372,111.3,508.06,138.50992744204294,2.6756,0.18784,0.7821,2.5248e-08,0.009978,0.019999,1.8012e-06,2.9527e-07,6.8304e-09,5.9016e-11,4.921e-10
373,111.60000000000001,507.38,137.85862323409444,2.6744,0.18792,0.78213,2.4221e-08,0.0099432,0.019929,1.7711e-06,2.8297e-07,6.5343e-09,5.6626e-11,4.7064e-10
374,111.9,506.69,137.20422734012243,2.6731,0.188,0.78216,2.3193e-08,0.0099084,0.01986,1.741e-06,2.7068e-07,6.2382e-09,5.4236e-11,4.4918e-10
375,112.20000000000002,506.0,136.54303350958628,2.6719,0.18807,0.78218,2.2165e-08,0.0098737,0.01979,1.7109e-06,2.5838e-07,5.9421e-09,5.1846e-11,4.2773e-10
376,112.5,505.32,135.88230201170424,2.6707,0.18815,0.78221,2.1138e-08,0.0098389,0.01972,1.6808e-06,2.4608e-07,5.646e-09,4.9456e-11,4.0627e-10
377,112.79999999999998,504.63,135.21834195108295,2.6694,0.18823,0.78224,2.011e-08,0.0098041,0.01965,1.6506e-06,2.3379e-07,5.3499e-09,4.7066e-11,3.8482e-10
378,113.1,503.95,134.54738942097688,2.6682,0.18831,0.78227,1.9083e-08,0.0097693,0.01958,1.6205e-06,2.2149e-07,5.0538e-09,4.4676e-11,3.6336e-10
379,113.39999999999999,503.26,133.87680904473336,2.667,0.18838,0.7823,1.8055e-08,0.0097345,0.019511,1.5904e-06,2.092e-07,4.7577e-09,4.2286e-11,3.419e-10
380,113.7,502.58,133.20285282230256,2.6657,0.18846,0.78232,1.7027e-08,0.0096998,0.019441,1.5603e-06,1.969e-07,4.4616e-09,3.9895e-11,3.2045e-10
381,113.99999999999999,501.89,132.52169633686404,2.6645,0.18854,0.78235,1.6e-08,0.009665,0.019371,1.5302e-06,1.846e-07,4.1655e-09,3.7505e-11,2.9899e-10
382,114.3,501.2,131.84081310428877,2.6632,0.18861,0.78238,1.4972e-08,0.0096302,0.019301,1.5001e-06,1.7231e-07,3.8694e-09,3.5115e-11,2.7753e-10
383,114.6,500.52,131.15258289488622,2.662,0.18869,0.78241,1.3945e-08,0.0095954,0.019232,1.4699e-06,1.6001e-07,3.5733e-09,3.2725e-11,2.5608e-10
384,114.9,499.83,130.4645545732633,2.6608,0.18877,0.78243,1.2917e-08,0.0095606,0.019162,1.4398e-06,1.4772e-07,3.2772e-09,3.0335e-11,2.3462e-10
385,115.19999999999999,499.15,129.77287852244012,2.6595,0.18885,0.78246,1.189e-08,0.0095259,0.019092,1.4097e-06,1.3542e-07,2.9811e-09,2.7945e-11,2.1316e-10
386,115.5,498.46,129.07362240210043,2.6583,0.18892,0.78249,1.0862e-08,0.0094911,0.019022,1.3796e-06,1.2312e-07,2.685e-09,2.5555e-11,1.9171e-10
387,115.8,497.77,128.3744522870497,2.6571,0.189,0.78252,9.8343e-09,0.0094563,0.018953,1.3495e-06,1.1083e-07,2.3889e-09,2.3165e-11,1.7025e-10
388,116.10000000000001,497.09,127.67145334803705,2.6558,0.18908,0.78255,8.8067e-09,0.0094215,0.018883,1.3194e-06,9.8531e-08,2.0928e-09,2.0775e-11,1.4879e-10
389,116.39999999999999,496.57,127.25957724273643,2.655,0.18913,0.78257,8.62e-09,0.0093956,0.018831,1.3125e-06,9.6909e-08,2.0465e-09,2.0373e-11,1.4565e-10
390,116.7,496.04,126.85030547854427,2.6541,0.18919,0.78259,8.4362e-09,0.0093696,0.018779,1.3057e-06,9.5325e-08,2.001e-09,1.9978e-11,1.4257e-10
391,117.0,495.52,126.43970895252804,2.6533,0.18925,0.78261,8.2525e-09,0.0093437,0.018727,1.2988e-06,9.3741e-08,1.9555e-09,1.9584e-11,1.3948e-10
392,117.30000000000001,495.0,126.02777471652826,2.6524,0.18931,0.78263,8.0687e-09,0.0093178,0.018675,1.292e-06,9.2157e-08,1.91e-09,1.9189e-11,1.364e-10
393,117.6,494.47,125.61448961007643,2.6516,0.18937,0.78265,7.885e-09,0.0092919,0.018623,1.2852e-06,9.0573e-08,1.8645e-09,1.8795e-11,1.3332e-10
394,117.9,493.95,125.19984025548915,2.6507,0.18942,0.78267,7.7012e-09,0.0092659,0.018571,1.2784e-06,8.8989e-08,1.819e-09,1.84e-11,1.3024e-10
395,118.19999999999999,493.43,124.78381305281547,2.6499,0.18948,0.78269,7.5175e-09,0.00924,0.018519,1.2716e-06,8.7405e-08,1.7735e-09,1.8005e-11,1.2715e-10
396,118.5,492.91,124.36639417463223,2.649,0.18954,0.78271,7.3337e-09,0.0092141,0.018467,1.2648e-06,8.5821e-08,1.728e-09,1.7611e-11,1.2407e-10
397,118.8,492.38,123.94756956068159,2.6482,0.1896,0.78273,7.15e-09,0.0091882,0.018415,1.258e-06,8.4237e-08,1.6825e-09,1.7216e-11,1.2099e-10
398,119.10000000000001,491.86,123.5273249123448,2.6473,0.18965,0.78275,6.9662e-09,0.0091622,0.018363,1.2512e-06,8.2653e-08,1.637e-09,1.6821e-11,1.1791e-10
399,119.39999999999999,491.34,123.10970717209915,2.6465,0.18971,0.78277,6.7825e-09,0.0091363,0.018311,1.2443e-06,8.1069e-08,1.5915e-09,1.6427e-11,1.1483e-10
400,119.7,490.81,122.68659258452001,2.6456,0.18977,0.78279,6.5987e-09,0.0091104,0.018259,1.2375e-06,7.9485e-08,1.546e-09,1.6032e-11,1.1174e-10
401,120.0,490.29,122.2620137246234,2.6448,0.18983,0.78281,6.415e-09,0.0090844,0.018207,1.2307e-06,7.7901e-08,1.5006e-09,1.5638e-11,1.0866e-10
402,120.30000000000001,489.77,121.83595528414426,2.6439,0.18988,0.78283,6.2312e-09,0.0090585,0.018155,1.2239e-06,7.6317e-08,1.4551e-09,1.5243e-11,1.0558e-10
403,120.6,489.25,121.40840168620952,2.643,0.18994,0.78285,6.0475e-09,0.0090326,0.018103,1.2171e-06,7.4733e-08,1.4096e-09,1.4848e-11,1.025e-10
404,120.9,488.72,120.97933707869291,2.6422,0.19,0.78288,5.8637e-09,0.0090067,0.018051,1.2103e-06,7.3149e-08,1.3641e-09,1.4454e-11,9.9414e-11
405,121.2,488.2,120.5487453273571,2.6413,0.19006,0.7829,5.68e-09,0.0089807,0.017999,1.2035e-06,7.1565e-08,1.3186e-09,1.4059e-11,9.6332e-11
406,121.50000000000001,487.68,120.11661000877439,2.6405,0.19011,0.78292,5.4962e-09,0.0089548,0.017947,1.1966e-06,6.9981e-08,1.2731e-09,1.3664e-11,9.3249e-11
407,121.8,487.16,119.68291440301745,2.6396,0.19017,0.78294,5.3125e-09,0.0089289,0.017895,1.1898e-06,6.8397e-08,1.2276e-09,1.327e-11,9.0167e-11
408,122.10000000000001,486.63,119.24764148611074,2.6388,0.19023,0.78296,5.1287e-09,0.008903,0.017843,1.183e-06,6.6813e-08,1.1821e-09,1.2875e-11,8.7085e-11
409,122.39999999999999,486.11,118.81077392223317,2.6379,0.19029,0.78298,4.945e-09,0.008877,0.017791,1.1762e-06,6.5229e-08,1.1366e-09,1.2481e-11,8.4003e-11
410,122.7,485.59,118.37229405566153,2.6371,0.19034,0.783,4.7612e-09,0.0088511,0.017739,1.1694e-06,6.3645e-08,1.0911e-09,1.2086e-11,8.092e-11
411,123.0,485.06,117.93218390244455,2.6362,0.1904,0.78302,4.5775e-09,0.0088252,0.017687,1.1626e-06,6.2061e-08,1.0456e-09,1.1691e-11,7.7838e-11
412,123.30000000000001,484.54,117.49042514179612,2.6354,0.19046,0.78304,4.3937e-09,0.0087993,0.017635,1.1558e-06,6.0477e-08,1.0001e-09,1.1297e-11,7.4756e-11
413,123.6,484.02,117.04699910719626,2.6345,0.19052,0.78306,4.21e-09,0.0087733,0.017583,1.149e-06,5.8893e-08,9.5465e-10,1.0902e-11,7.1674e-11
414,123.9,483.5,116.60188677718727,2.6337,0.19057,0.78308,4.0262e-09,0.0087474,0.017531,1.1421e-06,5.7309e-08,9.0916e-10,1.0507e-11,6.8591e-11
415,124.2,482.97,116.15506876585283,2.6328,0.19063,0.7831,3.8425e-09,0.0087215,0.017479,1.1353e-06,5.5725e-08,8.6367e-10,1.0113e-11,6.5509e-11
416,124.50000000000001,482.45,115.70652531296582,2.632,0.19069,0.78312,3.6587e-09,0.0086956,0.017427,1.1285e-06,5.4141e-08,8.1817e-10,9.7182e-12,6.2427e-11
417,124.8,481.93,115.25623627379127,2.6311,0.19075,0.78314,3.475e-09,0.0086696,0.017375,1.1217e-06,5.2557e-08,7.7268e-10,9.3236e-12,5.9345e-11
418,125.1,481.4,114.80418110852932,2.6303,0.1908,0.78316,3.2912e-09,0.0086437,0.017323,1.1149e-06,5.0973e-08,7.2719e-10,8.929e-12,5.6262e-11
419,125.4,480.88,114.35033887138245,2.6294,0.19086,0.78318,3.1075e-09,0.0086178,0.017271,1.1081e-06,4.9389e-08,6.817e-10,8.5344e-12,5.318e-11
420,125.69999999999999,480.36,113.89468819923079,2.6286,0.19092,0.78321,2.9238e-09,0.0085919,0.017219,1.1013e-06,4.7805e-08,6.3621e-10,8.1398e-12,5.0098e-11
421,126.0,479.84,113.43720729989786,2.6277,0.19098,0.78323,2.74e-09,0.0085659,0.017167,1.0945e-06,4.6221e-08,5.9072e-10,7.7451e-12,4.7016e-11
422,126.29999999999998,479.31,112.9778739399888,2.6269,0.19103,0.78325,2.5563e-09,0.00854,0.017115,1.0876e-06,4.4637e-08,5.4522e-10,7.3505e-12,4.3933e-11
423,126.6,478.79,112.51666543228163,2.626,0.19109,0.78327,2.3725e-09,0.0085141,0.017063,1.0808e-06,4.3053e-08,4.9973e-10,6.9559e-12,4.0851e-11
424,126.89999999999999,478.27,112.05355862265152,2.6252,0.19115,0.78329,2.1888e-09,0.0084881,0.017011,1.074e-06,4.1469e-08,4.5424e-10,6.5613e-12,3.7769e-11
425,127.2,477.75,111.58852987650657,2.6243,0.19121,0.78331,2.005e-09,0.0084622,0.016959,1.0672e-06,3.9885e-08,4.0875e-10,6.1667e-12,3.4687e-11
426,127.49999999999999,477.22,111.12155506471281,2.6235,0.19126,0.78333,1.8213e-09,0.0084363,0.016907,1.0604e-06,3.8301e-08,3.6326e-10,5.772e-12,3.1604e-11
427,127.8,476.7,110.65260954898443,2.6226,0.19132,0.78335,1.6375e-09,0.0084104,0.016855,1.0536e-06,3.6717e-08,3.1776e-10,5.3774e-12,2.8522e-11
428,128.1,476.18,110.18166816671456,2.6218,0.19138,0.78337,1.4538e-09,0.0083844,0.016803,1.0468e-06,3.5133e-08,2.7227e-10,4.9828e-12,2.544e-11
429,128.4,475.72,109.86355173577815,2.6207,0.19143,0.78339,1.3996e-09,0.0083622,0.016759,1.0427e-06,3.463e-08,2.602e-10,4.8387e-12,2.453e-11
430,128.7,475.28,109.5764573254675,2.6196,0.19148,0.7834,1.3739e-09,0.0083409,0.016716,1.0394e-06,3.4363e-08,2.5545e-10,4.7495e-12,2.4096e-11
431,129.0,474.85,109.288608738514,2.6185,0.19152,0.78342,1.3483e-09,0.0083195,0.016673,1.036e-06,3.4097e-08,2.507e-10,4.6604e-12,2.3661e-11
432,129.29999999999998,474.41,109.0,2.6174,0.19157,0.78344,1.3226e-09,0.0082981,0.01663,1.0326e-06,3.383e-08,2.4595e-10,4.5712e-12,2.3227e-11
433,129.6,473.97,108.71062505569546,2.6163,0.19162,0.78346,1.2969e-09,0.0082767,0.016587,1.0292e-06,3.3564e-08,2.412e-10,4.482e-12,2.2793e-11
434,129.9,473.53,108.4250893474384,2.6152,0.19166,0.78347,1.2712e-09,0.0082554,0.016544,1.0258e-06,3.3297e-08,2.3645e-10,4.3929e-12,2.2359e-11
435,130.20000000000002,473.09,108.13417591122614,2.6141,0.19171,0.78349,1.2455e-09,0.008234,0.016501,1.0224e-06,3.3031e-08,2.317e-10,4.3037e-12,2.1925e-11
436,130.5,472.65,107.8424777163433,2.613,0.19176,0.78351,1.2198e-09,0.0082126,0.016459,1.019e-06,3.2765e-08,2.2695e-10,4.2146e-12,2.1491e-11
437,130.8,472.21,107.54998837749821,2.6119,0.19181,0.78352,1.1941e-09,0.0081912,0.016416,1.0156e-06,3.2498e-08,2.222e-10,4.1254e-12,2.1057e-11
438,131.1,471.78,107.25670142233538,2.6108,0.19185,0.78354,1.1684e-09,0.0081698,0.016373,1.0122e-06,3.2232e-08,2.1745e-10,4.0362e-12,2.0623e-11
439,131.4,471.34,106.96728471827262,2.6097,0.1919,0.78356,1.1427e-09,0.0081485,0.01633,1.0088e-06,3.1965e-08,2.127e-10,3.9471e-12,2.0189e-11
440,131.7,470.9,106.67239567948214,2.6086,0.19195,0.78357,1.117e-09,0.0081271,0.016287,1.0054e-06,3.1699e-08,2.0795e-10,3.8579e-12,1.9754e-11
441,132.0,470.46,106.3766891757776,2.6075,0.192,0.78359,1.0913e-09,0.0081057,0.016244,1.002e-06,3.1432e-08,2.032e-10,3.7687e-12,1.932e-11
442,132.29999999999998,470.02,106.0801583709225,2.6064,0.19204,0.78361,1.0656e-09,0.0080843,0.016201,9.9858e-07,3.1166e-08,1.9846e-10,3.6796e-12,1.8886e-11
443,132.6,469.58,105.78279633286313,2.6053,0.19209,0.78363,1.0399e-09,0.008063,0.016159,9.9518e-07,3.0899e-08,1.9371e-10,3.5904e-12,1.8452e-11
444,132.9,469.14,105.48933595392475,2.6042,0.19214,0.78364,1.0142e-09,0.0080416,0.016116,9.9178e-07,3.0633e-08,1.8896e-10,3.5013e-12,1.8018e-11
445,133.20000000000002,468.7,105.19030373565806,2.6031,0.19219,0.78366,9.8849e-10,0.0080202,0.016073,9.8838e-07,3.0367e-08,1.8421e-10,3.4121e-12,1.7584e-11
446,133.5,468.27,104.89041900955492,2.6019,0.19223,0.78368,9.6279e-10,0.0079988,0.01603,9.8499e-07,3.01e-08,1.7946e-10,3.3229e-12,1.715e-11
447,133.8,467.83,104.58967444255671,2.6008,0.19228,0.78369,9.371e-10,0.0079774,0.015987,9.8159e-07,2.9834e-08,1.7471e-10,3.2338e-12,1.6716e-11
448,134.1,467.39,104.28806259586952,2.5997,0.19233,0.78371,9.114e-10,0.0079561,0.015944,9.7819e-07,2.9567e-08,1.6996e-10,3.1446e-12,1.6282e-11
449,134.4,466.95,103.99038417084533,2.5986,0.19238,0.78373,8.857e-10,0.0079347,0.015901,9.7479e-07,2.9301e-08,1.6521e-10,3.0554e-12,1.5847e-11
450,134.7,466.51,103.68702908271604,2.5975,0.19242,0.78374,8.6001e-10,0.0079133,0.015859,9.714e-07,2.9034e-08,1.6046e-10,2.9663e-12,1.5413e-11
451,135.0,466.07,103.38278386656069,2.5964,0.19247,0.78376,8.3431e-10,0.0078919,0.015816,9.68e-07,2.8768e-08,1.5571e-10,2.8771e-12,1.4979e-11
452,135.3,465.63,103.07764064044152,2.5953,0.19252,0.78378,8.0861e-10,0.0078706,0.015773,9.646e-07,2.8501e-08,1.5096e-10,2.788e-12,1.4545e-11
453,135.60000000000002,465.19,102.77159140540736,2.5942,0.19257,0.7838,7.8292e-10,0.0078492,0.01573,9.612e-07,2.8235e-08,1.4621e-10,2.6988e-12,1.4111e-11
454,135.9,464.76,102.46950765959599,2.5931,0.19261,0.78381,7.5722e-10,0.0078278,0.015687,9.5781e-07,2.7969e-08,1.4146e-10,2.6096e-12,1.3677e-11
455,136.20000000000002,464.32,102.16163663528496,2.592,0.19266,0.78383,7.3152e-10,0.0078064,0.015644,9.5441e-07,2.7702e-08,1.3671e-10,2.5205e-12,1.3243e-11
456,136.5,463.88,101.85283501208987,2.5909,0.19271,0.78385,7.0582e-10,0.007785,0.015601,9.5101e-07,2.7436e-08,1.3196e-10,2.4313e-12,1.2809e-11
457,136.8,463.44,101.54309429990796,2.5898,0.19276,0.78386,6.8013e-10,0.0077637,0.015558,9.4761e-07,2.7169e-08,1.2722e-10,2.3421e-12,1.2375e-11
458,137.1,463.0,101.23240587875011,2.5887,0.1928,0.78388,6.5443e-10,0.0077423,0.015516,9.4421e-07,2.6903e-08,1.2247e-10,2.253e-12,1.1941e-11
459,137.4,462.56,100.92571525632107,2.5876,0.19285,0.7839,6.2873e-10,0.0077209,0.015473,9.4082e-07,2.6636e-08,1.1772e-10,2.1638e-12,1.1506e-11
460,137.7,462.12,100.61312041677269,2.5865,0.1929,0.78391,6.0304e-10,0.0076995,0.01543,9.3742e-07,2.637e-08,1.1297e-10,2.0747e-12,1.1072e-11
461,138.0,461.69,100.29955134495867,2.5854,0.19295,0.78393,5.7734e-10,0.0076782,0.015387,9.3402e-07,2.6104e-08,1.0822e-10,1.9855e-12,1.0638e-11
462,138.3,461.25,99.98549894859754,2.5843,0.19299,0.78395,5.5164e-10,0.0076568,0.015344,9.3062e-07,2.5837e-08,1.0347e-10,1.8963e-12,1.0204e-11
463,138.6,460.81,99.67095865897949,2.5832,0.19304,0.78397,5.2594e-10,0.0076354,0.015301,9.2723e-07,2.5571e-08,9.8719e-11,1.8072e-12,9.77e-12
464,138.9,460.37,99.35542259987625,2.5821,0.19309,0.78398,5.0025e-10,0.007614,0.015258,9.2383e-07,2.5304e-08,9.397e-11,1.718e-12,9.3358e-12
465,139.2,459.93,99.03888125377831,2.581,0.19313,0.784,4.7455e-10,0.0075926,0.015216,9.2043e-07,2.5038e-08,8.922e-11,1.6288e-12,8.9018e-12
466,139.5,459.49,98.72132495059009,2.5799,0.19318,0.78402,4.4885e-10,0.0075713,0.015173,9.1703e-07,2.4771e-08,8.4471e-11,1.5397e-12,8.4676e-12
467,139.79999999999998,459.05,98.40274386418298,2.5788,0.19323,0.78403,4.2316e-10,0.0075499,0.01513,9.1363e-07,2.4505e-08,7.9722e-11,1.4505e-12,8.0335e-12
468,140.1,458.61,98.08312800884768,2.5777,0.19328,0.78405,3.9746e-10,0.0075285,0.015087,9.1024e-07,2.4238e-08,7.4972e-11,1.3614e-12,7.5994e-12
469,140.39999999999998,458.18,97.76246723564212,2.5766,0.19332,0.78407,3.7176e-10,0.0075071,0.015044,9.0684e-07,2.3972e-08,7.0223e-11,1.2722e-12,7.1653e-12
470,140.7,457.74,97.44075122863124,2.5755,0.19337,0.78408,3.4606e-10,0.0074857,0.015001,9.0344e-07,2.3706e-08,6.5474e-11,1.183e-12,6.7312e-12
471,141.0,457.3,97.11796950101458,2.5744,0.19342,0.7841,3.2037e-10,0.0074644,0.014958,9.0004e-07,2.3439e-08,6.0724e-11,1.0939e-12,6.2971e-12
472,141.3,456.86,96.79411139113785,2.5733,0.19347,0.78412,2.9467e-10,0.007443,0.014916,8.9665e-07,2.3173e-08,5.5975e-11,1.0047e-12,5.863e-12
473,141.6,456.42,96.46916605838365,2.5721,0.19351,0.78414,2.6897e-10,0.0074216,0.014873,8.9325e-07,2.2906e-08,5.1226e-11,9.1554e-13,5.4289e-12
474,141.9,455.98,96.14312247893761,2.571,0.19356,0.78415,2.4328e-10,0.0074002,0.01483,8.8985e-07,2.264e-08,4.6476e-11,8.2638e-13,4.9948e-12
475,142.2,455.54,95.81596944142454,2.5699,0.19361,0.78417,2.1758e-10,0.0073789,0.014787,8.8645e-07,2.2373e-08,4.1727e-11,7.3722e-13,4.5606e-12
476,142.5,455.15,95.53376366499961,2.5691,0.19365,0.78419,2.0263e-10,0.0073597,0.014749,8.8362e-07,2.2192e-08,3.8981e-11,6.8488e-13,4.3026e-12
477,142.79999999999998,454.81,95.30529890829786,2.5686,0.19369,0.7842,2.0021e-10,0.0073432,0.014715,8.8145e-07,2.211e-08,3.8571e-11,6.7548e-13,4.2497e-12
478,143.1,454.46,95.07575926596643,2.5681,0.19372,0.78421,1.9779e-10,0.0073267,0.014682,8.7929e-07,2.2029e-08,3.8161e-11,6.6608e-13,4.1969e-12
479,143.4,454.12,94.84619127830068,2.5677,0.19376,0.78422,1.9538e-10,0.0073102,0.014649,8.7712e-07,2.1947e-08,3.7751e-11,6.5668e-13,4.144e-12
480,143.70000000000002,453.77,94.61553783602353,2.5672,0.1938,0.78424,1.9296e-10,0.0072937,0.014616,8.7495e-07,2.1865e-08,3.7341e-11,6.4729e-13,4.0912e-12
481,144.0,453.43,94.38485047930097,2.5667,0.19383,0.78425,1.9054e-10,0.0072771,0.014583,8.7278e-07,2.1784e-08,3.6931e-11,6.3789e-13,4.0384e-12
482,144.3,453.09,94.15359791319713,2.5662,0.19387,0.78426,1.8812e-10,0.0072606,0.01455,8.7061e-07,2.1702e-08,3.652e-11,6.2849e-13,3.9855e-12
483,144.6,452.74,93.921243603351,2.5657,0.19391,0.78428,1.8571e-10,0.0072441,0.014517,8.6845e-07,2.162e-08,3.611e-11,6.1909e-13,3.9327e-12
484,144.9,452.4,93.6888467214748,2.5652,0.19394,0.78429,1.8329e-10,0.0072276,0.014484,8.6628e-07,2.1538e-08,3.57e-11,6.097e-13,3.8799e-12
485,145.2,452.05,93.45533692625585,2.5647,0.19398,0.7843,1.8087e-10,0.0072111,0.014451,8.6411e-07,2.1457e-08,3.529e-11,6.003e-13,3.827e-12
486,145.5,451.71,93.22177857131884,2.5643,0.19402,0.78432,1.7845e-10,0.0071945,0.014417,8.6194e-07,2.1375e-08,3.488e-11,5.909e-13,3.7742e-12
487,145.79999999999998,451.37,92.98709587894442,2.5638,0.19405,0.78433,1.7604e-10,0.007178,0.014384,8.5977e-07,2.1293e-08,3.447e-11,5.815e-13,3.7213e-12
488,146.1,451.02,92.7523584605804,2.5633,0.19409,0.78434,1.7362e-10,0.0071615,0.014351,8.5761e-07,2.1212e-08,3.406e-11,5.721e-13,3.6685e-12
489,146.4,450.68,92.5170254601822,2.5628,0.19413,0.78436,1.712e-10,0.007145,0.014318,8.5544e-07,2.113e-08,3.365e-11,5.6271e-13,3.6157e-12
490,146.70000000000002,450.33,92.28055049684089,2.5623,0.19416,0.78437,1.6879e-10,0.0071285,0.014285,8.5327e-07,2.1048e-08,3.324e-11,5.5331e-13,3.5628e-12
491,147.0,449.99,92.04401121202835,2.5618,0.1942,0.78438,1.6637e-10,0.007112,0.014252,8.511e-07,2.0966e-08,3.283e-11,5.4391e-13,3.51e-12
492,147.3,449.65,91.8063178653844,2.5613,0.19424,0.7844,1.6395e-10,0.0070954,0.014219,8.4893e-07,2.0885e-08,3.242e-11,5.3451e-13,3.4572e-12
493,147.6,449.3,91.56855355415416,2.5608,0.19427,0.78441,1.6153e-10,0.0070789,0.014186,8.4676e-07,2.0803e-08,3.201e-11,5.2512e-13,3.4043e-12
494,147.9,448.96,91.32962279567347,2.5604,0.19431,0.78442,1.5912e-10,0.0070624,0.014152,8.446e-07,2.0721e-08,3.16e-11,5.1572e-13,3.3515e-12
495,148.2,448.61,91.09061422561602,2.5599,0.19435,0.78443,1.567e-10,0.0070459,0.014119,8.4243e-07,2.064e-08,3.119e-11,5.0632e-13,3.2986e-12
496,148.5,448.27,90.8509768797232,2.5594,0.19438,0.78445,1.5428e-10,0.0070294,0.014086,8.4026e-07,2.0558e-08,3.078e-11,4.9692e-13,3.2458e-12
497,148.8,447.93,90.61015395638616,2.5589,0.19442,0.78446,1.5186e-10,0.0070128,0.014053,8.3809e-07,2.0476e-08,3.037e-11,4.8753e-13,3.193e-12
498,149.10000000000002,447.58,90.36924255519685,2.5584,0.19446,0.78447,1.4945e-10,0.0069963,0.01402,8.3592e-07,2.0395e-08,2.996e-11,4.7813e-13,3.1401e-12
499,149.4,447.24,90.12713242969622,2.5579,0.19449,0.78449,1.4703e-10,0.0069798,0.013987,8.3376e-07,2.0313e-08,2.955e-11,4.6873e-13,3.0873e-12
500,149.70000000000002,446.89,89.88492643374639,2.5574,0.19453,0.7845,1.4461e-10,0.0069633,0.013954,8.3159e-07,2.0231e-08,2.914e-11,4.5933e-13,3.0345e-12
501,150.0,446.55,89.64150824255469,2.557,0.19457,0.78451,1.4219e-10,0.0069468,0.013921,8.2942e-07,2.0149e-08,2.873e-11,4.4994e-13,2.9816e-12
502,150.29999999999998,446.21,89.39798655450804,2.5565,0.1946,0.78453,1.3978e-10,0.0069303,0.013888,8.2725e-07,2.0068e-08,2.832e-11,4.4054e-13,2.9288e-12
503,150.6,445.86,89.1537996946849,2.556,0.19464,0.78454,1.3736e-10,0.0069137,0.013854,8.2508e-07,1.9986e-08,2.791e-11,4.3114e-13,2.8759e-12
504,150.89999999999998,445.52,88.90837980752995,2.5555,0.19468,0.78455,1.3494e-10,0.0068972,0.013821,8.2292e-07,1.9904e-08,2.75e-11,4.2174e-13,2.8231e-12
505,151.2,445.17,88.66284452914874,2.555,0.19471,0.78457,1.3252e-10,0.0068807,0.013788,8.2075e-07,1.9823e-08,2.709e-11,4.1235e-13,2.7703e-12
506,151.5,444.83,88.41606188922916,2.5545,0.19475,0.78458,1.3011e-10,0.0068642,0.013755,8.1858e-07,1.9741e-08,2.668e-11,4.0295e-13,2.7174e-12
507,151.8,444.49,88.16915560444026,2.554,0.19479,0.78459,1.2769e-10,0.0068477,0.013722,8.1641e-07,1.9659e-08,2.627e-11,3.9355e-13,2.6646e-12
508,152.1,444.14,87.92098725560354,2.5535,0.19482,0.78461,1.2527e-10,0.0068311,0.013689,8.1424e-07,1.9577e-08,2.586e-11,3.8415e-13,2.6118e-12
509,152.4,443.8,87.67268673880139,2.5531,0.19486,0.78462,1.2286e-10,0.0068146,0.013656,8.1207e-07,1.9496e-08,2.545e-11,3.7475e-13,2.5589e-12
510,152.7,443.45,87.42368100234627,2.5526,0.1949,0.78463,1.2044e-10,0.0067981,0.013623,8.0991e-07,1.9414e-08,2.504e-11,3.6536e-13,2.5061e-12
511,153.0,443.11,87.17339043538458,2.5521,0.19493,0.78464,1.1802e-10,0.0067816,0.01359,8.0774e-07,1.9332e-08,2.4629e-11,3.5596e-13,2.4532e-12
512,153.29999999999998,442.77,86.92295439065563,2.5516,0.19497,0.78466,1.156e-10,0.0067651,0.013556,8.0557e-07,1.9251e-08,2.4219e-11,3.4656e-13,2.4004e-12
513,153.6,442.42,86.6712178292194,2.5511,0.19501,0.78467,1.1319e-10,0.0067486,0.013523,8.034e-07,1.9169e-08,2.3809e-11,3.3716e-13,2.3476e-12
514,153.9,442.08,86.41932654215722,2.5506,0.19504,0.78468,1.1077e-10,0.006732,0.01349,8.0123e-07,1.9087e-08,2.3399e-11,3.2777e-13,2.2947e-12
515,154.20000000000002,441.73,86.16611863139711,2.5501,0.19508,0.7847,1.0835e-10,0.0067155,0.013457,7.9907e-07,1.9005e-08,2.2989e-11,3.1837e-13,2.2419e-12
516,154.5,441.39,85.9127464349732,2.5497,0.19512,0.78471,1.0593e-10,0.006699,0.013424,7.969e-07,1.8924e-08,2.2579e-11,3.0897e-13,2.1891e-12
517,154.8,441.05,85.65862478466485,2.5492,0.19515,0.78472,1.0352e-10,0.0066825,0.013391,7.9473e-07,1.8842e-08,2.2169e-11,2.9957e-13,2.1362e-12
518,155.1,440.7,85.40316153398538,2.5487,0.19519,0.78474,1.011e-10,0.006666,0.013358,7.9256e-07,1.876e-08,2.1759e-11,2.9018e-13,2.0834e-12
519,155.4,440.36,85.14751904782663,2.5482,0.19523,0.78475,9.8682e-11,0.0066494,0.013325,7.9039e-07,1.8679e-08,2.1349e-11,2.8078e-13,2.0305e-12
520,155.7,440.01,84.89051772724677,2.5477,0.19526,0.78476,9.6264e-11,0.0066329,0.013291,7.8822e-07,1.8597e-08,2.0939e-11,2.7138e-13,1.9777e-12
521,156.0,439.67,84.63332676906893,2.5472,0.1953,0.78478,9.3847e-11,0.0066164,0.013258,7.8606e-07,1.8515e-08,2.0529e-11,2.6198e-13,1.9249e-12
522,156.29999999999998,439.33,84.37475925891582,2.5467,0.19534,0.78479,9.1429e-11,0.0065999,0.013225,7.8389e-07,1.8433e-08,2.0119e-11,2.5259e-13,1.872e-12
523,156.6,438.98,84.11599134528464,2.5462,0.19537,0.7848,8.9012e-11,0.0065834,0.013192,7.8172e-07,1.8352e-08,1.9709e-11,2.4319e-13,1.8192e-12
524,156.9,438.64,83.85642491783203,2.5458,0.19541,0.78482,8.6595e-11,0.0065669,0.013159,7.7955e-07,1.827e-08,1.9299e-11,2.3379e-13,1.7664e-12
525,157.20000000000002,438.3,83.59545442187631,2.5453,0.19545,0.78483,8.4177e-11,0.0065503,0.013126,7.7738e-07,1.8188e-08,1.8889e-11,2.2439e-13,1.7135e-12
526,157.5,437.95,83.33426666144005,2.5448,0.19548,0.78484,8.176e-11,0.0065338,0.013093,7.7522e-07,1.8107e-08,1.8479e-11,2.15e-13,1.6607e-12
527,157.8,437.61,83.07165581592797,2.5443,0.19552,0.78486,7.9343e-11,0.0065173,0.01306,7.7305e-07,1.8025e-08,1.8069e-11,2.056e-13,1.6078e-12
528,158.1,437.26,82.8088159557906,2.5438,0.19556,0.78487,7.6925e-11,0.0065008,0.013027,7.7088e-07,1.7943e-08,1.7659e-11,1.962e-13,1.555e-12
529,158.4,436.92,82.5445334349889,2.5433,0.19559,0.78488,7.4508e-11,0.0064843,0.012993,7.6871e-07,1.7861e-08,1.7249e-11,1.868e-13,1.5022e-12
530,158.7,436.58,82.28000972289685,2.5428,0.19563,0.78489,7.209e-11,0.0064677,0.01296,7.6654e-07,1.778e-08,1.6839e-11,1.774e-13,1.4493e-12
531,159.0,436.23,82.01463284073154,2.5424,0.19567,0.78491,6.9673e-11,0.0064512,0.012927,7.6438e-07,1.7698e-08,1.6429e-11,1.6801e-13,1.3965e-12
532,159.3,435.95,81.79914424980252,2.5414,0.1957,0.78492,6.8381e-11,0.0064377,0.0129,7.6275e-07,1.7643e-08,1.6177e-11,1.6352e-13,1.3687e-12
533,159.60000000000002,435.7,81.61249904273242,2.5402,0.19572,0.78493,6.773e-11,0.0064258,0.012876,7.6142e-07,1.7603e-08,1.6015e-11,1.6184e-13,1.3553e-12
534,159.9,435.45,81.42604006090434,2.5391,0.19575,0.78494,6.7079e-11,0.0064139,0.012852,7.601e-07,1.7563e-08,1.5853e-11,1.6015e-13,1.3418e-12
535,160.20000000000002,435.2,81.23853765301293,2.5379,0.19578,0.78495,6.6429e-11,0.006402,0.012828,7.5878e-07,1.7524e-08,1.5691e-11,1.5847e-13,1.3284e-12
536,160.5,434.95,81.05060147833574,2.5367,0.1958,0.78496,6.5778e-11,0.0063901,0.012805,7.5745e-07,1.7484e-08,1.5529e-11,1.5678e-13,1.3149e-12
537,160.8,434.7,80.86222851245196,2.5355,0.19583,0.78497,6.5127e-11,0.0063782,0.012781,7.5613e-07,1.7444e-08,1.5367e-11,1.551e-13,1.3014e-12
538,161.1,434.45,80.67403547610594,2.5343,0.19585,0.78498,6.4476e-11,0.0063663,0.012757,7.5481e-07,1.7404e-08,1.5205e-11,1.5342e-13,1.288e-12
539,161.4,434.2,80.48478117010694,2.5331,0.19588,0.78498,6.3826e-11,0.0063544,0.012733,7.5348e-07,1.7364e-08,1.5043e-11,1.5173e-13,1.2745e-12
540,161.7,433.95,80.29508079577478,2.5319,0.19591,0.78499,6.3175e-11,0.0063425,0.012709,7.5216e-07,1.7324e-08,1.4881e-11,1.5005e-13,1.261e-12
541,162.0,433.71,80.10493118404135,2.5308,0.19593,0.785,6.2524e-11,0.0063306,0.012685,7.5084e-07,1.7285e-08,1.4719e-11,1.4836e-13,1.2476e-12
542,162.3,433.46,79.91495479570767,2.5296,0.19596,0.78501,6.1873e-11,0.0063187,0.012662,7.4951e-07,1.7245e-08,1.4557e-11,1.4668e-13,1.2341e-12
543,162.6,433.21,79.72389854993294,2.5284,0.19599,0.78502,6.1223e-11,0.0063068,0.012638,7.4819e-07,1.7205e-08,1.4395e-11,1.4499e-13,1.2206e-12
544,162.9,432.96,79.5323833416301,2.5272,0.19601,0.78503,6.0572e-11,0.0062949,0.012614,7.4687e-07,1.7165e-08,1.4233e-11,1.4331e-13,1.2072e-12
545,163.2,432.71,79.34040584721004,2.526,0.19604,0.78504,5.9921e-11,0.006283,0.01259,7.4554e-07,1.7125e-08,1.4071e-11,1.4162e-13,1.1937e-12
546,163.5,432.46,79.14859442845463,2.5248,0.19607,0.78505,5.927e-11,0.0062711,0.012566,7.4422e-07,1.7085e-08,1.3909e-11,1.3994e-13,1.1803e-12
547,163.79999999999998,432.21,78.95568377260753,2.5237,0.19609,0.78506,5.862e-11,0.0062592,0.012542,7.429e-07,1.7046e-08,1.3747e-11,1.3825e-13,1.1668e-12
548,164.1,431.96,78.76230062663228,2.5225,0.19612,0.78507,5.7969e-11,0.0062474,0.012519,7.4157e-07,1.7006e-08,1.3586e-11,1.3657e-13,1.1533e-12
549,164.39999999999998,431.71,78.56844150166147,2.5213,0.19615,0.78508,5.7318e-11,0.0062355,0.012495,7.4025e-07,1.6966e-08,1.3424e-11,1.3489e-13,1.1399e-12
550,164.7,431.46,78.37474082891758,2.5201,0.19617,0.78509,5.6667e-11,0.0062236,0.012471,7.3893e-07,1.6926e-08,1.3262e-11,1.332e-13,1.1264e-12
551,165.0,431.21,78.17992069578992,2.5189,0.1962,0.7851,5.6017e-11,0.0062117,0.012447,7.376e-07,1.6886e-08,1.31e-11,1.3152e-13,1.1129e-12
552,165.3,430.97,77.9846138670956,2.5177,0.19622,0.78511,5.5366e-11,0.0061998,0.012423,7.3628e-07,1.6846e-08,1.2938e-11,1.2983e-13,1.0995e-12
553,165.6,430.72,77.78881667694914,2.5166,0.19625,0.78512,5.4715e-11,0.0061879,0.012399,7.3496e-07,1.6807e-08,1.2776e-11,1.2815e-13,1.086e-12
554,165.9,430.47,77.59316980250259,2.5154,0.19628,0.78513,5.4064e-11,0.006176,0.012375,7.3363e-07,1.6767e-08,1.2614e-11,1.2646e-13,1.0726e-12
555,166.2,430.22,77.39638234439643,2.5142,0.1963,0.78514,5.3414e-11,0.0061641,0.012352,7.3231e-07,1.6727e-08,1.2452e-11,1.2478e-13,1.0591e-12
556,166.5,429.97,77.19909325892371,2.513,0.19633,0.78515,5.2763e-11,0.0061522,0.012328,7.3099e-07,1.6687e-08,1.229e-11,1.2309e-13,1.0456e-12
557,166.79999999999998,429.72,77.00194802730643,2.5118,0.19636,0.78515,5.2112e-11,0.0061403,0.012304,7.2966e-07,1.6647e-08,1.2128e-11,1.2141e-13,1.0322e-12
558,167.1,429.47,76.80364574680033,2.5106,0.19638,0.78516,5.1461e-11,0.0061284,0.01228,7.2834e-07,1.6607e-08,1.1966e-11,1.1972e-13,1.0187e-12
559,167.4,429.22,76.60483013492035,2.5095,0.19641,0.78517,5.0811e-11,0.0061165,0.012256,7.2702e-07,1.6568e-08,1.1804e-11,1.1804e-13,1.0052e-12
560,167.70000000000002,428.97,76.40549718443039,2.5083,0.19644,0.78518,5.016e-11,0.0061046,0.012232,7.2569e-07,1.6528e-08,1.1642e-11,1.1636e-13,9.9178e-13
561,168.0,428.72,76.20629895225197,2.5071,0.19646,0.78519,4.9509e-11,0.0060927,0.012209,7.2437e-07,1.6488e-08,1.148e-11,1.1467e-13,9.7832e-13
562,168.3,428.47,76.00592082199913,2.5059,0.19649,0.7852,4.8858e-11,0.0060808,0.012185,7.2305e-07,1.6448e-08,1.1318e-11,1.1299e-13,9.6485e-13
563,168.6,428.23,75.80501302684408,2.5047,0.19651,0.78521,4.8208e-11,0.0060689,0.012161,7.2172e-07,1.6408e-08,1.1156e-11,1.113e-13,9.5139e-13
564,168.9,427.98,75.60357134421628,2.5035,0.19654,0.78522,4.7557e-11,0.0060571,0.012137,7.204e-07,1.6368e-08,1.0994e-11,1.0962e-13,9.3793e-13
565,169.2,427.73,75.4022546082012,2.5024,0.19657,0.78523,4.6906e-11,0.0060452,0.012113,7.1908e-07,1.6329e-08,1.0832e-11,1.0793e-13,9.2447e-13
566,169.5,427.48,75.1997340420829,2.5012,0.19659,0.78524,4.6255e-11,0.0060333,0.012089,7.1775e-07,1.6289e-08,1.067e-11,1.0625e-13,9.11e-13
567,169.79999999999998,427.23,74.9966665925893,2.5,0.19662,0.78525,4.5605e-11,0.0060214,0.012066,7.1643e-07,1.6249e-08,1.0508e-11,1.0456e-13,8.9754e-13
568,170.1,426.98,74.79304780526061,2.4988,0.19665,0.78526,4.4954e-11,0.0060095,0.012042,7.1511e-07,1.6209e-08,1.0346e-11,1.0288e-13,8.8408e-13
569,170.4,426.73,74.58954350309432,2.4976,0.19667,0.78527,4.4303e-11,0.0059976,0.012018,7.1378e-07,1.6169e-08,1.0185e-11,1.012e-13,8.7061e-13
570,170.70000000000002,426.48,74.38481027736779,2.4964,0.1967,0.78528,4.3652e-11,0.0059857,0.011994,7.1246e-07,1.6129e-08,1.0023e-11,9.9511e-14,8.5715e-13
571,171.0,426.23,74.17951199623789,2.4953,0.19673,0.78529,4.3002e-11,0.0059738,0.01197,7.1113e-07,1.609e-08,9.8606e-12,9.7826e-14,8.4369e-13
572,171.3,425.98,73.9736439551277,2.4941,0.19675,0.7853,4.2351e-11,0.0059619,0.011946,7.0981e-07,1.605e-08,9.6987e-12,9.6141e-14,8.3023e-13
573,171.6,425.73,73.76787918870923,2.4929,0.19678,0.78531,4.17e-11,0.00595,0.011922,7.0849e-07,1.601e-08,9.5367e-12,9.4457e-14,8.1676e-13
574,171.9,425.49,73.56085915757102,2.4917,0.1968,0.78532,4.1049e-11,0.0059381,0.011899,7.0716e-07,1.597e-08,9.3748e-12,9.2773e-14,8.033e-13
575,172.2,425.24,73.353254869842,2.4905,0.19683,0.78533,4.0399e-11,0.0059262,0.011875,7.0584e-07,1.593e-08,9.2128e-12,9.1088e-14,7.8984e-13
576,172.5,424.99,73.14506135071595,2.4893,0.19686,0.78533,3.9748e-11,0.0059143,0.011851,7.0452e-07,1.589e-08,9.0509e-12,8.9403e-14,7.7637e-13
577,172.8,424.74,72.93695908111333,2.4881,0.19688,0.78534,3.9097e-11,0.0059024,0.011827,7.0319e-07,1.5851e-08,8.8889e-12,8.7719e-14,7.6291e-13
578,173.10000000000002,424.49,72.72757386301292,2.487,0.19691,0.78535,3.8446e-11,0.0058905,0.011803,7.0187e-07,1.5811e-08,8.727e-12,8.6034e-14,7.4945e-13
579,173.4,424.24,72.517584074485,2.4858,0.19694,0.78536,3.7796e-11,0.0058787,0.011779,7.0055e-07,1.5771e-08,8.565e-12,8.435e-14,7.3599e-13
580,173.70000000000002,423.99,72.30698444825369,2.4846,0.19696,0.78537,3.7145e-11,0.0058668,0.011756,6.9922e-07,1.5731e-08,8.4031e-12,8.2665e-14,7.2252e-13
581,174.0,423.74,72.09646315874309,2.4834,0.19699,0.78538,3.6494e-11,0.0058549,0.011732,6.979e-07,1.5691e-08,8.2411e-12,8.0981e-14,7.0906e-13
582,174.3,423.49,71.88462978968452,2.4822,0.19702,0.78539,3.5843e-11,0.005843,0.011708,6.9658e-07,1.5651e-08,8.0791e-12,7.9296e-14,6.956e-13
583,174.6,423.24,71.67217033130781,2.481,0.19704,0.7854,3.5193e-11,0.0058311,0.011684,6.9525e-07,1.5612e-08,7.9172e-12,7.7612e-14,6.8214e-13
584,174.9,422.99,71.45977889694313,2.4799,0.19707,0.78541,3.4542e-11,0.0058192,0.01166,6.9393e-07,1.5572e-08,7.7552e-12,7.5927e-14,6.6867e-13
585,175.2,422.75,71.2460525222275,2.4787,0.19709,0.78542,3.3891e-11,0.0058073,0.011636,6.9261e-07,1.5532e-08,7.5933e-12,7.4243e-14,6.5521e-13
586,175.5,422.5,71.03168307171103,2.4775,0.19712,0.78543,3.324e-11,0.0057954,0.011613,6.9128e-07,1.5492e-08,7.4313e-12,7.2558e-14,6.4175e-13
587,175.8,422.25,70.81666470542086,2.4763,0.19715,0.78544,3.259e-11,0.0057835,0.011589,6.8996e-07,1.5452e-08,7.2694e-12,7.0874e-14,6.2828e-13
588,176.1,422.0,70.60169969625377,2.4751,0.19717,0.78545,3.1939e-11,0.0057716,0.011565,6.8864e-07,1.5412e-08,7.1074e-12,6.9189e-14,6.1482e-13
589,176.4,421.75,70.38536779757565,2.4739,0.1972,0.78546,3.1288e-11,0.0057597,0.011541,6.8731e-07,1.5373e-08,6.9455e-12,6.7505e-14,6.0136e-13
590,176.7,421.5,70.16836894213803,2.4728,0.19723,0.78547,3.0637e-11,0.0057478,0.011517,6.8599e-07,1.5333e-08,6.7835e-12,6.582e-14,5.879e-13
591,177.0,421.25,69.95069692290421,2.4716,0.19725,0.78548,2.9987e-11,0.0057359,0.011493,6.8467e-07,1.5293e-08,6.6216e-12,6.4136e-14,5.7443e-13
592,177.29999999999998,421.0,69.73306245963961,2.4704,0.19728,0.78549,2.9336e-11,0.005724,0.011469,6.8334e-07,1.5253e-08,6.4596e-12,6.2451e-14,5.6097e-13
593,177.6,420.75,69.51402736138944,2.4692,0.19731,0.7855,2.8685e-11,0.0057121,0.011446,6.8202e-07,1.5213e-08,6.2977e-12,6.0767e-14,5.4751e-13
594,177.89999999999998,420.5,69.29429990987714,2.468,0.19733,0.7855,2.8034e-11,0.0057002,0.011422,6.807e-07,1.5173e-08,6.1357e-12,5.9082e-14,5.3404e-13
595,178.2,420.25,69.07387349787183,2.4668,0.19736,0.78551,2.7384e-11,0.0056884,0.011398,6.7937e-07,1.5134e-08,5.9738e-12,5.7398e-14,5.2058e-13
596,178.5,420.01,68.85346759604776,2.4657,0.19738,0.78552,2.6733e-11,0.0056765,0.011374,6.7805e-07,1.5094e-08,5.8118e-12,5.5713e-14,5.0712e-13
597,178.8,419.76,68.63162536323907,2.4645,0.19741,0.78553,2.6082e-11,0.0056646,0.01135,6.7673e-07,1.5054e-08,5.6499e-12,5.4029e-14,4.9366e-13
598,179.1,419.54,68.47408268826973,2.4633,0.19743,0.78554,2.5738e-11,0.0056544,0.01133,6.7558e-07,1.5024e-08,5.5681e-12,5.3258e-14,4.8758e-13
599,179.4,419.34,68.32934947736587,2.4622,0.19746,0.78555,2.5456e-11,0.0056446,0.01131,6.7446e-07,1.4996e-08,5.5024e-12,5.2672e-14,4.8299e-13
600,179.7,419.13,68.18357573492314,2.4611,0.19748,0.78556,2.5174e-11,0.0056348,0.011291,6.7334e-07,1.4967e-08,5.4368e-12,5.2086e-14,4.784e-13
601,180.0,418.92,68.03822455061567,2.4599,0.1975,0.78556,2.4892e-11,0.005625,0.011271,6.7222e-07,1.4939e-08,5.3711e-12,5.15e-14,4.738e-13
602,180.29999999999998,418.72,67.89256218467528,2.4588,0.19752,0.78557,2.461e-11,0.0056152,0.011251,6.711e-07,1.4911e-08,5.3055e-12,5.0914e-14,4.6921e-13
603,180.6,418.51,67.74658662988122,2.4577,0.19754,0.78558,2.4328e-11,0.0056054,0.011232,6.6998e-07,1.4883e-08,5.2398e-12,5.0327e-14,4.6462e-13
604,180.9,418.3,67.60029585734074,2.4566,0.19756,0.78559,2.4046e-11,0.0055956,0.011212,6.6886e-07,1.4855e-08,5.1742e-12,4.9741e-14,4.6003e-13
605,181.20000000000002,418.1,67.4529465627707,2.4554,0.19759,0.7856,2.3764e-11,0.0055858,0.011192,6.6775e-07,1.4826e-08,5.1085e-12,4.9155e-14,4.5544e-13
606,181.5,417.89,67.30601756158212,2.4543,0.19761,0.7856,2.3482e-11,0.005576,0.011173,6.6663e-07,1.4798e-08,5.0429e-12,4.8569e-14,4.5085e-13
607,181.8,417.68,67.15876711197131,2.4532,0.19763,0.78561,2.32e-11,0.0055662,0.011153,6.6551e-07,1.477e-08,4.9772e-12,4.7983e-14,4.4626e-13
608,182.1,417.48,67.01119309488527,2.452,0.19765,0.78562,2.2918e-11,0.0055564,0.011133,6.6439e-07,1.4742e-08,4.9116e-12,4.7396e-14,4.4167e-13
609,182.4,417.27,66.86254556924976,2.4509,0.19767,0.78563,2.2635e-11,0.0055466,0.011114,6.6327e-07,1.4713e-08,4.846e-12,4.681e-14,4.3707e-13
610,182.7,417.07,66.71431630467332,2.4498,0.19769,0.78563,2.2353e-11,0.0055368,0.011094,6.6215e-07,1.4685e-08,4.7803e-12,4.6224e-14,4.3248e-13
611,183.0,416.86,66.56575696257048,2.4486,0.19772,0.78564,2.2071e-11,0.0055269,0.011074,6.6103e-07,1.4657e-08,4.7147e-12,4.5638e-14,4.2789e-13
612,183.29999999999998,416.65,66.4168653280174,2.4475,0.19774,0.78565,2.1789e-11,0.0055171,0.011055,6.5992e-07,1.4629e-08,4.649e-12,4.5052e-14,4.233e-13
613,183.6,416.45,66.26763916120748,2.4464,0.19776,0.78566,2.1507e-11,0.0055073,0.011035,6.588e-07,1.4601e-08,4.5834e-12,4.4465e-14,4.1871e-13
614,183.9,416.24,66.11731996988384,2.4452,0.19778,0.78567,2.1225e-11,0.0054975,0.011015,6.5768e-07,1.4572e-08,4.5177e-12,4.3879e-14,4.1412e-13
615,184.20000000000002,416.03,65.96741619921156,2.4441,0.1978,0.78567,2.0943e-11,0.0054877,0.010996,6.5656e-07,1.4544e-08,4.4521e-12,4.3293e-14,4.0953e-13
616,184.5,415.83,65.81717101182639,2.443,0.19783,0.78568,2.0661e-11,0.0054779,0.010976,6.5544e-07,1.4516e-08,4.3864e-12,4.2707e-14,4.0494e-13
617,184.8,415.62,65.6665820642433,2.4419,0.19785,0.78569,2.0379e-11,0.0054681,0.010956,6.5432e-07,1.4488e-08,4.3208e-12,4.2121e-14,4.0035e-13
618,185.1,415.41,65.51564698604449,2.4407,0.19787,0.7857,2.0097e-11,0.0054583,0.010937,6.532e-07,1.446e-08,4.2551e-12,4.1534e-14,3.9575e-13
619,185.4,415.21,65.36359843215487,2.4396,0.19789,0.7857,1.9815e-11,0.0054485,0.010917,6.5209e-07,1.4431e-08,4.1895e-12,4.0948e-14,3.9116e-13
620,185.7,415.0,65.21196209285533,2.4385,0.19791,0.78571,1.9533e-11,0.0054387,0.010898,6.5097e-07,1.4403e-08,4.1238e-12,4.0362e-14,3.8657e-13
621,186.0,414.79,65.05997233322498,2.4373,0.19793,0.78572,1.9251e-11,0.0054289,0.010878,6.4985e-07,1.4375e-08,4.0582e-12,3.9776e-14,3.8198e-13
622,186.3,414.59,64.90762667052309,2.4362,0.19796,0.78573,1.8968e-11,0.0054191,0.010858,6.4873e-07,1.4347e-08,3.9925e-12,3.919e-14,3.7739e-13
623,186.60000000000002,414.38,64.75492259280371,2.4351,0.19798,0.78574,1.8686e-11,0.0054093,0.010839,6.4761e-07,1.4318e-08,3.9269e-12,3.8603e-14,3.728e-13
624,186.9,414.17,64.60108358224342,2.4339,0.198,0.78574,1.8404e-11,0.0053995,0.010819,6.4649e-07,1.429e-08,3.8612e-12,3.8017e-14,3.6821e-13
625,187.20000000000002,413.97,64.4476531768225,2.4328,0.19802,0.78575,1.8122e-11,0.0053897,0.010799,6.4538e-07,1.4262e-08,3.7956e-12,3.7431e-14,3.6362e-13
626,187.5,413.76,64.29385662720817,2.4317,0.19804,0.78576,1.784e-11,0.0053799,0.01078,6.4426e-07,1.4234e-08,3.7299e-12,3.6845e-14,3.5902e-13
627,187.79999999999998,413.56,64.13969129953776,2.4306,0.19806,0.78577,1.7558e-11,0.0053701,0.01076,6.4314e-07,1.4206e-08,3.6643e-12,3.6259e-14,3.5443e-13
628,188.1,413.35,63.984373092185564,2.4294,0.19809,0.78577,1.7276e-11,0.0053603,0.01074,6.4202e-07,1.4177e-08,3.5987e-12,3.5673e-14,3.4984e-13
629,188.39999999999998,413.14,63.82946028285058,2.4283,0.19811,0.78578,1.6994e-11,0.0053505,0.010721,6.409e-07,1.4149e-08,3.533e-12,3.5086e-14,3.4525e-13
630,188.7,412.94,63.674170587452494,2.4272,0.19813,0.78579,1.6712e-11,0.0053407,0.010701,6.3978e-07,1.4121e-08,3.4674e-12,3.45e-14,3.4066e-13
631,189.0,412.73,63.5185012417642,2.426,0.19815,0.7858,1.643e-11,0.0053309,0.010681,6.3866e-07,1.4093e-08,3.4017e-12,3.3914e-14,3.3607e-13
632,189.3,412.52,63.36244944760264,2.4249,0.19817,0.78581,1.6148e-11,0.005321,0.010662,6.3755e-07,1.4065e-08,3.3361e-12,3.3328e-14,3.3148e-13
633,189.6,412.32,63.2052213033069,2.4238,0.19819,0.78581,1.5866e-11,0.0053112,0.010642,6.3643e-07,1.4036e-08,3.2704e-12,3.2742e-14,3.2689e-13
634,189.9,412.11,63.04839411119049,2.4226,0.19822,0.78582,1.5584e-11,0.0053014,0.010622,6.3531e-07,1.4008e-08,3.2048e-12,3.2155e-14,3.2229e-13
635,190.2,411.9,62.891175851624844,2.4215,0.19824,0.78583,1.5301e-11,0.0052916,0.010603,6.3419e-07,1.398e-08,3.1391e-12,3.1569e-14,3.177e-13
636,190.5,411.7,62.733563584416274,2.4204,0.19826,0.78584,1.5019e-11,0.0052818,0.010583,6.3307e-07,1.3952e-08,3.0735e-12,3.0983e-14,3.1311e-13
637,190.79999999999998,411.49,62.57555433234291,2.4192,0.19828,0.78585,1.4737e-11,0.005272,0.010563,6.3195e-07,1.3923e-08,3.0078e-12,3.0397e-14,3.0852e-13
638,191.1,411.28,62.41634401340726,2.4181,0.1983,0.78585,1.4455e-11,0.0052622,0.010544,6.3083e-07,1.3895e-08,2.9422e-12,2.9811e-14,3.0393e-13
639,191.4,411.08,62.25752966509352,2.417,0.19833,0.78586,1.4173e-11,0.0052524,0.010524,6.2972e-07,1.3867e-08,2.8765e-12,2.9224e-14,2.9934e-13
640,191.70000000000002,410.87,62.098309155725005,2.4159,0.19835,0.78587,1.3891e-11,0.0052426,0.010505,6.286e-07,1.3839e-08,2.8109e-12,2.8638e-14,2.9475e-13
641,192.0,410.66,61.93867935305047,2.4147,0.19837,0.78588,1.3609e-11,0.0052328,0.010485,6.2748e-07,1.3811e-08,2.7452e-12,2.8052e-14,2.9016e-13
642,192.3,410.46,61.778637084351416,2.4136,0.19839,0.78588,1.3327e-11,0.005223,0.010465,6.2636e-07,1.3782e-08,2.6796e-12,2.7466e-14,2.8557e-13
643,192.6,410.25,61.617367681523035,2.4125,0.19841,0.78589,1.3045e-11,0.0052132,0.010446,6.2524e-07,1.3754e-08,2.6139e-12,2.688e-14,2.8097e-13
644,192.9,410.05,61.4564886728814,2.4113,0.19843,0.7859,1.2763e-11,0.0052034,0.010426,6.2412e-07,1.3726e-08,2.5483e-12,2.6293e-14,2.7638e-13
645,193.2,409.84,61.29518741304247,2.4102,0.19846,0.78591,1.2481e-11,0.0051936,0.010406,6.23e-07,1.3698e-08,2.4826e-12,2.5707e-14,2.7179e-13
646,193.5,409.63,61.13346055966405,2.4091,0.19848,0.78592,1.2199e-11,0.0051838,0.010387,6.2189e-07,1.367e-08,2.417e-12,2.5121e-14,2.672e-13
647,193.79999999999998,409.43,60.970484662662805,2.4079,0.1985,0.78592,1.1917e-11,0.005174,0.010367,6.2077e-07,1.3641e-08,2.3514e-12,2.4535e-14,2.6261e-13
648,194.1,409.22,60.807894224352154,2.4068,0.19852,0.78593,1.1634e-11,0.0051642,0.010347,6.1965e-07,1.3613e-08,2.2857e-12,2.3949e-14,2.5802e-13
649,194.4,409.01,60.644867878494054,2.4057,0.19854,0.78594,1.1352e-11,0.0051544,0.010328,6.1853e-07,1.3585e-08,2.2201e-12,2.3362e-14,2.5343e-13
650,194.70000000000002,408.81,60.481402100149765,2.4046,0.19856,0.78595,1.107e-11,0.0051446,0.010308,6.1741e-07,1.3557e-08,2.1544e-12,2.2776e-14,2.4884e-13
651,195.0,408.6,60.31749331661587,2.4034,0.19859,0.78595,1.0788e-11,0.0051348,0.010288,6.1629e-07,1.3528e-08,2.0888e-12,2.219e-14,2.4424e-13
652,195.3,408.39,60.15230668893754,2.4023,0.19861,0.78596,1.0506e-11,0.005125,0.010269,6.1518e-07,1.35e-08,2.0231e-12,2.1604e-14,2.3965e-13
653,195.6,408.19,59.98749869764533,2.4012,0.19863,0.78597,1.0224e-11,0.0051151,0.010249,6.1406e-07,1.3472e-08,1.9575e-12,2.1018e-14,2.3506e-13
654,195.9,407.98,59.8222366683159,2.4,0.19865,0.78598,9.942e-12,0.0051053,0.010229,6.1294e-07,1.3444e-08,1.8918e-12,2.0431e-14,2.3047e-13
655,196.2,407.77,59.65651682758557,2.3989,0.19867,0.78599,9.6599e-12,0.0050955,0.01021,6.1182e-07,1.3416e-08,1.8262e-12,1.9845e-14,2.2588e-13
656,196.5,407.57,59.49033534953388,2.3978,0.19869,0.78599,9.3778e-12,0.0050857,0.01019,6.107e-07,1.3387e-08,1.7605e-12,1.9259e-14,2.2129e-13
657,196.8,407.36,59.32284551502903,2.3966,0.19872,0.786,9.0957e-12,0.0050759,0.01017,6.0958e-07,1.3359e-08,1.6949e-12,1.8673e-14,2.167e-13
658,197.10000000000002,407.15,59.15572668812378,2.3955,0.19874,0.78601,8.8137e-12,0.0050661,0.010151,6.0846e-07,1.3331e-08,1.6292e-12,1.8087e-14,2.1211e-13
659,197.4,406.95,58.988134400063885,2.3944,0.19876,0.78602,8.5316e-12,0.0050563,0.010131,6.0735e-07,1.3303e-08,1.5636e-12,1.75e-14,2.0752e-13
660,197.70000000000002,406.74,58.820064603840756,2.3932,0.19878,0.78602,8.2495e-12,0.0050465,0.010111,6.0623e-07,1.3275e-08,1.4979e-12,1.6914e-14,2.0292e-13
661,198.0,406.54,58.650660695340854,2.3921,0.1988,0.78603,7.9674e-12,0.0050367,0.010092,6.0511e-07,1.3246e-08,1.4323e-12,1.6328e-14,1.9833e-13
662,198.3,406.33,58.48162104456408,2.391,0.19883,0.78604,7.6853e-12,0.0050269,0.010072,6.0399e-07,1.3218e-08,1.3666e-12,1.5742e-14,1.9374e-13
663,198.6,406.12,58.31209137048679,2.3899,0.19885,0.78605,7.4033e-12,0.0050171,0.010053,6.0287e-07,1.319e-08,1.301e-12,1.5156e-14,1.8915e-13
664,198.9,405.92,58.14206738670375,2.3887,0.19887,0.78606,7.1212e-12,0.0050073,0.010033,6.0175e-07,1.3162e-08,1.2354e-12,1.4569e-14,1.8456e-13
665,199.2,405.71,57.97154474395175,2.3876,0.19889,0.78606,6.8391e-12,0.0049975,0.010013,6.0063e-07,1.3133e-08,1.1697e-12,1.3983e-14,1.7997e-13
666,199.5,405.5,57.79965397820302,2.3865,0.19891,0.78607,6.557e-12,0.0049877,0.0099936,5.9952e-07,1.3105e-08,1.1041e-12,1.3397e-14,1.7538e-13
667,199.8,405.3,57.62811813689564,2.3853,0.19893,0.78608,6.275e-12,0.0049779,0.0099739,5.984e-07,1.3077e-08,1.0384e-12,1.2811e-14,1.7079e-13
668,200.1,405.09,57.45607017539574,2.3842,0.19896,0.78609,5.9929e-12,0.0049681,0.0099543,5.9728e-07,1.3049e-08,9.7276e-13,1.2225e-14,1.6619e-13
669,200.4,404.88,57.283505479326244,2.3831,0.19898,0.78609,5.7108e-12,0.0049583,0.0099346,5.9616e-07,1.3021e-08,9.0711e-13,1.1638e-14,1.616e-13
670,200.70000000000002,404.68,57.110419364595806,2.3819,0.199,0.7861,5.4287e-12,0.0049485,0.0099149,5.9504e-07,1.2992e-08,8.4147e-13,1.1052e-14,1.5701e-13
671,200.99999999999997,404.47,56.93592890258312,2.3808,0.19902,0.78611,5.1466e-12,0.0049387,0.0098953,5.9392e-07,1.2964e-08,7.7582e-13,1.0466e-14,1.5242e-13
672,201.29999999999998,404.26,56.76178291773436,2.3797,0.19904,0.78612,4.8646e-12,0.0049289,0.0098756,5.928e-07,1.2936e-08,7.1017e-13,9.8799e-15,1.4783e-13
673,201.6,404.06,56.58710100367397,2.3786,0.19906,0.78613,4.5825e-12,0.0049191,0.009856,5.9169e-07,1.2908e-08,6.4452e-13,9.2937e-15,1.4324e-13
674,201.9,403.85,56.411878181815574,2.3774,0.19909,0.78613,4.3004e-12,0.0049092,0.0098363,5.9057e-07,1.288e-08,5.7888e-13,8.7075e-15,1.3865e-13
675,202.2,403.65,56.252111071496685,2.3765,0.19911,0.78614,4.0822e-12,0.0048999,0.0098176,5.895e-07,1.2853e-08,5.2938e-13,8.2574e-15,1.3492e-13
676,202.5,403.48,56.13911292494743,2.3761,0.19912,0.78615,4.042e-12,0.0048919,0.0098015,5.8856e-07,1.2831e-08,5.2484e-13,8.1866e-15,1.3361e-13
677,202.8,403.31,56.0249944221327,2.3757,0.19914,0.78615,4.0017e-12,0.0048839,0.0097855,5.8762e-07,1.2809e-08,5.203e-13,8.1157e-15,1.323e-13
678,203.10000000000002,403.14,55.91153727094257,2.3754,0.19916,0.78616,3.9615e-12,0.0048758,0.0097694,5.8668e-07,1.2787e-08,5.1576e-13,8.0449e-15,1.3099e-13
679,203.39999999999998,402.97,55.79784942092303,2.375,0.19918,0.78617,3.9212e-12,0.0048678,0.0097533,5.8574e-07,1.2765e-08,5.1122e-13,7.974e-15,1.2968e-13
680,203.7,402.8,55.68303152666888,2.3746,0.1992,0.78617,3.8809e-12,0.0048598,0.0097372,5.848e-07,1.2743e-08,5.0668e-13,7.9031e-15,1.2837e-13
681,204.0,402.63,55.56887618082626,2.3742,0.19921,0.78618,3.8407e-12,0.0048518,0.0097211,5.8386e-07,1.272e-08,5.0214e-13,7.8323e-15,1.2706e-13
682,204.3,402.46,55.45358419435122,2.3739,0.19923,0.78619,3.8004e-12,0.0048437,0.009705,5.8292e-07,1.2698e-08,4.976e-13,7.7614e-15,1.2575e-13
683,204.6,402.29,55.33895553766804,2.3735,0.19925,0.78619,3.7602e-12,0.0048357,0.0096889,5.8198e-07,1.2676e-08,4.9306e-13,7.6906e-15,1.2444e-13
684,204.9,402.12,55.224088946763075,2.3731,0.19927,0.7862,3.7199e-12,0.0048277,0.0096729,5.8104e-07,1.2654e-08,4.8852e-13,7.6197e-15,1.2313e-13
685,205.20000000000002,401.95,55.10807563324998,2.3727,0.19928,0.7862,3.6797e-12,0.0048196,0.0096568,5.801e-07,1.2632e-08,4.8398e-13,7.5488e-15,1.2182e-13
686,205.50000000000003,401.78,54.99272679182221,2.3724,0.1993,0.78621,3.6394e-12,0.0048116,0.0096407,5.7916e-07,1.261e-08,4.7944e-13,7.478e-15,1.2051e-13
687,205.79999999999998,401.61,54.8771354937555,2.372,0.19932,0.78622,3.5992e-12,0.0048036,0.0096246,5.7822e-07,1.2588e-08,4.749e-13,7.4071e-15,1.192e-13
688,206.1,401.44,54.760387142532146,2.3716,0.19934,0.78622,3.5589e-12,0.0047956,0.0096085,5.7729e-07,1.2566e-08,4.7036e-13,7.3363e-15,1.1789e-13
689,206.4,401.26,54.644304369257,2.3712,0.19936,0.78623,3.5186e-12,0.0047875,0.0095924,5.7635e-07,1.2544e-08,4.6583e-13,7.2654e-15,1.1658e-13
690,206.70000000000002,401.09,54.527057503591735,2.3708,0.19937,0.78624,3.4784e-12,0.0047795,0.0095764,5.7541e-07,1.2522e-08,4.6129e-13,7.1945e-15,1.1527e-13
691,206.99999999999997,400.92,54.41047693229678,2.3705,0.19939,0.78624,3.4381e-12,0.0047715,0.0095603,5.7447e-07,1.25e-08,4.5675e-13,7.1237e-15,1.1396e-13
692,207.29999999999998,400.75,54.29364603708246,2.3701,0.19941,0.78625,3.3979e-12,0.0047635,0.0095442,5.7353e-07,1.2478e-08,4.5221e-13,7.0528e-15,1.1265e-13
693,207.6,400.58,54.17564028232615,2.3697,0.19943,0.78626,3.3576e-12,0.0047554,0.0095281,5.7259e-07,1.2455e-08,4.4767e-13,6.982e-15,1.1133e-13
694,207.9,400.41,54.058301860121354,2.3693,0.19944,0.78626,3.3174e-12,0.0047474,0.009512,5.7165e-07,1.2433e-08,4.4313e-13,6.9111e-15,1.1002e-13
695,208.2,400.24,53.93978123796944,2.369,0.19946,0.78627,3.2771e-12,0.0047394,0.0094959,5.7071e-07,1.2411e-08,4.3859e-13,6.8402e-15,1.0871e-13
696,208.5,400.07,53.82192861650352,2.3686,0.19948,0.78627,3.2368e-12,0.0047313,0.0094798,5.6977e-07,1.2389e-08,4.3405e-13,6.7694e-15,1.074e-13
697,208.8,399.9,53.70381736897294,2.3682,0.1995,0.78628,3.1966e-12,0.0047233,0.0094638,5.6883e-07,1.2367e-08,4.2951e-13,6.6985e-15,1.0609e-13
698,209.10000000000002,399.73,53.58451268790265,2.3678,0.19952,0.78629,3.1563e-12,0.0047153,0.0094477,5.6789e-07,1.2345e-08,4.2497e-13,6.6277e-15,1.0478e-13
699,209.39999999999998,399.56,53.4658769683992,2.3675,0.19953,0.78629,3.1161e-12,0.0047073,0.0094316,5.6695e-07,1.2323e-08,4.2043e-13,6.5568e-15,1.0347e-13
700,209.7,399.39,53.34604015294856,2.3671,0.19955,0.7863,3.0758e-12,0.0046992,0.0094155,5.6601e-07,1.2301e-08,4.1589e-13,6.4859e-15,1.0216e-13
701,210.0,399.22,53.22687291209206,2.3667,0.19957,0.78631,3.0356e-12,0.0046912,0.0093994,5.6507e-07,1.2279e-08,4.1135e-13,6.4151e-15,1.0085e-13
702,210.3,399.05,53.107438273748436,2.3663,0.19959,0.78631,2.9953e-12,0.0046832,0.0093833,5.6414e-07,1.2257e-08,4.0681e-13,6.3442e-15,9.954e-14
703,210.6,398.88,52.98679080676617,2.366,0.1996,0.78632,2.9551e-12,0.0046752,0.0093672,5.632e-07,1.2235e-08,4.0227e-13,6.2734e-15,9.823e-14
704,210.9,398.7,52.86681378710088,2.3656,0.19962,0.78633,2.9148e-12,0.0046671,0.0093512,5.6226e-07,1.2213e-08,3.9774e-13,6.2025e-15,9.6919e-14
705,211.20000000000002,398.53,52.74561593156345,2.3652,0.19964,0.78633,2.8745e-12,0.0046591,0.0093351,5.6132e-07,1.219e-08,3.932e-13,6.1316e-15,9.5609e-14
706,211.50000000000003,398.36,52.62508907355882,2.3648,0.19966,0.78634,2.8343e-12,0.0046511,0.009319,5.6038e-07,1.2168e-08,3.8866e-13,6.0608e-15,9.4299e-14
707,211.79999999999998,398.19,52.50428553937288,2.3644,0.19968,0.78634,2.794e-12,0.0046431,0.0093029,5.5944e-07,1.2146e-08,3.8412e-13,5.9899e-15,9.2988e-14
708,212.1,398.02,52.382248901703335,2.3641,0.19969,0.78635,2.7538e-12,0.004635,0.0092868,5.585e-07,1.2124e-08,3.7958e-13,5.9191e-15,9.1678e-14
709,212.4,397.85,52.26088403385461,2.3637,0.19971,0.78636,2.7135e-12,0.004627,0.0092707,5.5756e-07,1.2102e-08,3.7504e-13,5.8482e-15,9.0367e-14
710,212.7,397.68,52.13827768540116,2.3633,0.19973,0.78636,2.6733e-12,0.004619,0.0092547,5.5662e-07,1.208e-08,3.705e-13,5.7773e-15,8.9057e-14
711,213.0,397.51,52.01634358545398,2.3629,0.19975,0.78637,2.633e-12,0.0046109,0.0092386,5.5568e-07,1.2058e-08,3.6596e-13,5.7065e-15,8.7746e-14
712,213.3,397.34,51.894122981316485,2.3626,0.19977,0.78638,2.5928e-12,0.0046029,0.0092225,5.5474e-07,1.2036e-08,3.6142e-13,5.6356e-15,8.6436e-14
713,213.60000000000002,397.17,51.7706480546651,2.3622,0.19978,0.78638,2.5525e-12,0.0045949,0.0092064,5.538e-07,1.2014e-08,3.5688e-13,5.5648e-15,8.5125e-14
714,213.89999999999998,397.0,51.647846034466916,2.3618,0.1998,0.78639,2.5122e-12,0.0045869,0.0091903,5.5286e-07,1.1992e-08,3.5234e-13,5.4939e-15,8.3815e-14
715,214.2,396.83,51.52378091716484,2.3614,0.19982,0.7864,2.472e-12,0.0045788,0.0091742,5.5192e-07,1.197e-08,3.478e-13,5.423e-15,8.2504e-14
716,214.5,396.66,51.40038910358559,2.3611,0.19984,0.7864,2.4317e-12,0.0045708,0.0091581,5.5098e-07,1.1948e-08,3.4326e-13,5.3522e-15,8.1194e-14
717,214.8,396.49,51.27670036186026,2.3607,0.19985,0.78641,2.3915e-12,0.0045628,0.0091421,5.5005e-07,1.1925e-08,3.3872e-13,5.2813e-15,7.9883e-14
718,215.09999999999997,396.31,51.15173506343651,2.3603,0.19987,0.78641,2.3512e-12,0.0045548,0.009126,5.4911e-07,1.1903e-08,3.3418e-13,5.2105e-15,7.8573e-14
719,215.39999999999998,396.14,51.0274435965589,2.3599,0.19989,0.78642,2.311e-12,0.0045467,0.0091099,5.4817e-07,1.1881e-08,3.2965e-13,5.1396e-15,7.7263e-14
720,215.7,395.97,50.90186637049765,2.3596,0.19991,0.78643,2.2707e-12,0.0045387,0.0090938,5.4723e-07,1.1859e-08,3.2511e-13,5.0687e-15,7.5952e-14
721,216.0,395.8,50.776963280605905,2.3592,0.19993,0.78643,2.2304e-12,0.0045307,0.0090777,5.4629e-07,1.1837e-08,3.2057e-13,4.9979e-15,7.4642e-14
722,216.29999999999998,395.63,50.651752190817646,2.3588,0.19994,0.78644,2.1902e-12,0.0045227,0.0090616,5.4535e-07,1.1815e-08,3.1603e-13,4.927e-15,7.3331e-14
723,216.6,395.46,50.525241216643394,2.3584,0.19996,0.78645,2.1499e-12,0.0045146,0.0090455,5.4441e-07,1.1793e-08,3.1149e-13,4.8562e-15,7.2021e-14
724,216.9,395.29,50.39940475838976,2.3581,0.19998,0.78645,2.1097e-12,0.0045066,0.0090295,5.4347e-07,1.1771e-08,3.0695e-13,4.7853e-15,7.071e-14
725,217.20000000000002,395.12,50.27225875172111,2.3577,0.2,0.78646,2.0694e-12,0.0044986,0.0090134,5.4253e-07,1.1749e-08,3.0241e-13,4.7144e-15,6.94e-14
726,217.49999999999997,394.95,50.145787460164584,2.3573,0.20001,0.78647,2.0292e-12,0.0044905,0.0089973,5.4159e-07,1.1727e-08,2.9787e-13,4.6436e-15,6.8089e-14
727,217.79999999999998,394.78,50.01899639137115,2.3569,0.20003,0.78647,1.9889e-12,0.0044825,0.0089812,5.4065e-07,1.1705e-08,2.9333e-13,4.5727e-15,6.6779e-14
728,218.1,394.61,49.890880930286244,2.3565,0.20005,0.78648,1.9487e-12,0.0044745,0.0089651,5.3971e-07,1.1683e-08,2.8879e-13,4.5019e-15,6.5468e-14
729,218.4,394.44,49.763440395535355,2.3562,0.20007,0.78649,1.9084e-12,0.0044665,0.008949,5.3877e-07,1.166e-08,2.8425e-13,4.431e-15,6.4158e-14
730,218.7,394.27,49.63567265586314,2.3558,0.20009,0.78649,1.8681e-12,0.0044584,0.008933,5.3783e-07,1.1638e-08,2.7971e-13,4.3601e-15,6.2847e-14
731,219.0,394.1,49.50656522119061,2.3554,0.2001,0.7865,1.8279e-12,0.0044504,0.0089169,5.369e-07,1.1616e-08,2.7517e-13,4.2893e-15,6.1537e-14
732,219.3,393.93,49.37813281200495,2.355,0.20012,0.7865,1.7876e-12,0.0044424,0.0089008,5.3596e-07,1.1594e-08,2.7063e-13,4.2184e-15,6.0226e-14
733,219.60000000000002,393.75,49.24835022617509,2.3547,0.20014,0.78651,1.7474e-12,0.0044344,0.0088847,5.3502e-07,1.1572e-08,2.6609e-13,4.1476e-15,5.8916e-14
734,219.89999999999998,393.58,49.119242665171456,2.3543,0.20016,0.78652,1.7071e-12,0.0044263,0.0088686,5.3408e-07,1.155e-08,2.6156e-13,4.0767e-15,5.7606e-14
735,220.2,393.41,48.98979485566356,2.3539,0.20017,0.78652,1.6669e-12,0.0044183,0.0088525,5.3314e-07,1.1528e-08,2.5702e-13,4.0059e-15,5.6295e-14
736,220.5,393.24,48.8589807507279,2.3535,0.20019,0.78653,1.6266e-12,0.0044103,0.0088364,5.322e-07,1.1506e-08,2.5248e-13,3.935e-15,5.4985e-14
737,220.8,393.07,48.728841562261664,2.3532,0.20021,0.78654,1.5864e-12,0.0044022,0.0088204,5.3126e-07,1.1484e-08,2.4794e-13,3.8641e-15,5.3674e-14
738,221.1,392.9,48.597325029264724,2.3528,0.20023,0.78654,1.5461e-12,0.0043942,0.0088043,5.3032e-07,1.1462e-08,2.434e-13,3.7933e-15,5.2364e-14
739,221.4,392.73,48.46648326421054,2.3524,0.20025,0.78655,1.5058e-12,0.0043862,0.0087882,5.2938e-07,1.144e-08,2.3886e-13,3.7224e-15,5.1053e-14
740,221.70000000000002,392.56,48.335287316824754,2.352,0.20026,0.78656,1.4656e-12,0.0043782,0.0087721,5.2844e-07,1.1418e-08,2.3432e-13,3.6515e-15,4.9743e-14
741,222.00000000000003,392.39,48.202697019980114,2.3517,0.20028,0.78656,1.4253e-12,0.0043701,0.008756,5.275e-07,1.1395e-08,2.2978e-13,3.5807e-15,4.8432e-14
742,222.29999999999998,392.22,48.070781146139076,2.3513,0.2003,0.78657,1.3851e-12,0.0043621,0.0087399,5.2656e-07,1.1373e-08,2.2524e-13,3.5098e-15,4.7122e-14
743,222.6,392.05,47.93745925682754,2.3509,0.20032,0.78657,1.3448e-12,0.0043541,0.0087238,5.2562e-07,1.1351e-08,2.207e-13,3.439e-15,4.5811e-14
744,222.9,391.88,47.80481147332348,2.3505,0.20033,0.78658,1.3046e-12,0.0043461,0.0087078,5.2468e-07,1.1329e-08,2.1616e-13,3.3681e-15,4.4501e-14
745,223.20000000000002,391.71,47.67179459596628,2.3502,0.20035,0.78659,1.2643e-12,0.004338,0.0086917,5.2374e-07,1.1307e-08,2.1162e-13,3.2972e-15,4.319e-14
746,223.5,391.54,47.53735373366928,2.3498,0.20037,0.78659,1.224e-12,0.00433,0.0086756,5.2281e-07,1.1285e-08,2.0708e-13,3.2264e-15,4.188e-14
747,223.8,391.36,47.40358636221525,2.3494,0.20039,0.7866,1.1838e-12,0.004322,0.0086595,5.2187e-07,1.1263e-08,2.0254e-13,3.1555e-15,4.057e-14
748,224.10000000000002,391.19,47.26838266748715,2.349,0.20041,0.78661,1.1435e-12,0.004314,0.0086434,5.2093e-07,1.1241e-08,1.9801e-13,3.0847e-15,3.9259e-14
749,224.40000000000003,391.02,47.13385195377097,2.3486,0.20042,0.78661,1.1033e-12,0.0043059,0.0086273,5.1999e-07,1.1219e-08,1.9347e-13,3.0138e-15,3.7949e-14
750,224.7,390.85,46.998936158172775,2.3483,0.20044,0.78662,1.063e-12,0.0042979,0.0086113,5.1905e-07,1.1197e-08,1.8893e-13,2.9429e-15,3.6638e-14
751,225.0,390.68,46.86256501729285,2.3479,0.20046,0.78663,1.0228e-12,0.0042899,0.0085952,5.1811e-07,1.1175e-08,1.8439e-13,2.8721e-15,3.5328e-14
752,225.3,390.51,46.72686593385009,2.3475,0.20048,0.78663,9.8251e-13,0.0042818,0.0085791,5.1717e-07,1.1153e-08,1.7985e-13,2.8012e-15,3.4017e-14
753,225.59999999999997,390.34,46.58969843216416,2.3471,0.20049,0.78664,9.4225e-13,0.0042738,0.008563,5.1623e-07,1.113e-08,1.7531e-13,2.7304e-15,3.2707e-14
754,225.89999999999998,390.17,46.45320225775614,2.3468,0.20051,0.78664,9.02e-13,0.0042658,0.0085469,5.1529e-07,1.1108e-08,1.7077e-13,2.6595e-15,3.1396e-14
755,226.2,390.0,46.31630382489518,2.3464,0.20053,0.78665,8.6174e-13,0.0042578,0.0085308,5.1435e-07,1.1086e-08,1.6623e-13,2.5886e-15,3.0086e-14
756,226.5,389.83,46.17791680013294,2.346,0.20055,0.78666,8.2148e-13,0.0042497,0.0085147,5.1341e-07,1.1064e-08,1.6169e-13,2.5178e-15,2.8775e-14
757,226.79999999999998,389.66,46.0401998258044,2.3456,0.20057,0.78666,7.8123e-13,0.0042417,0.0084987,5.1247e-07,1.1042e-08,1.5715e-13,2.4469e-15,2.7465e-14
758,227.1,389.49,45.90098038168684,2.3453,0.20058,0.78667,7.4097e-13,0.0042337,0.0084826,5.1153e-07,1.102e-08,1.5261e-13,2.3761e-15,2.6155e-14
759,227.4,389.32,45.762430005409456,2.3449,0.2006,0.78668,7.0072e-13,0.0042257,0.0084665,5.1059e-07,1.0998e-08,1.4807e-13,2.3052e-15,2.4844e-14
760,227.70000000000002,389.15,45.62345887808157,2.3445,0.20062,0.78668,6.6046e-13,0.0042176,0.0084504,5.0966e-07,1.0976e-08,1.4353e-13,2.2344e-15,2.3534e-14
761,227.99999999999997,388.98,45.482963843619515,2.3441,0.20064,0.78669,6.2021e-13,0.0042096,0.0084343,5.0872e-07,1.0954e-08,1.3899e-13,2.1635e-15,2.2223e-14
762,228.29999999999998,388.8,45.34313619501854,2.3438,0.20065,0.7867,5.7995e-13,0.0042016,0.0084182,5.0778e-07,1.0932e-08,1.3445e-13,2.0926e-15,2.0913e-14
763,228.6,388.63,45.20176987685328,2.3434,0.20067,0.7867,5.3969e-13,0.0041935,0.0084021,5.0684e-07,1.091e-08,1.2992e-13,2.0218e-15,1.9602e-14
764,228.9,388.46,45.06106967216824,2.343,0.20069,0.78671,4.9944e-13,0.0041855,0.0083861,5.059e-07,1.0888e-08,1.2538e-13,1.9509e-15,1.8292e-14
765,229.2,388.29,44.9199287621875,2.3426,0.20071,0.78671,4.5918e-13,0.0041775,0.00837,5.0496e-07,1.0865e-08,1.2084e-13,1.88e-15,1.6981e-14
766,229.5,388.12,44.77722635447622,2.3422,0.20073,0.78672,4.1892e-13,0.0041695,0.0083539,5.0402e-07,1.0843e-08,1.163e-13,1.8092e-15,1.5671e-14
767,229.8,387.98,44.679973142337495,2.3418,0.20074,0.78673,4.1007e-13,0.0041628,0.0083405,5.0334e-07,1.0827e-08,1.1502e-13,1.7877e-15,1.5372e-14
768,230.10000000000002,387.84,44.59035770208622,2.3414,0.20075,0.78673,4.0767e-13,0.0041564,0.0083278,5.0272e-07,1.0813e-08,1.1442e-13,1.7765e-15,1.5281e-14
769,230.39999999999998,387.7,44.50168536134334,2.341,0.20077,0.78674,4.0528e-13,0.0041501,0.008315,5.021e-07,1.0798e-08,1.1383e-13,1.7652e-15,1.519e-14
770,230.7,387.56,44.41283598240491,2.3406,0.20078,0.78674,4.0289e-13,0.0041437,0.0083022,5.0148e-07,1.0783e-08,1.1323e-13,1.7539e-15,1.51e-14
771,231.0,387.42,44.32268042436062,2.3402,0.2008,0.78675,4.005e-13,0.0041373,0.0082894,5.0086e-07,1.0769e-08,1.1263e-13,1.7426e-15,1.5009e-14
772,231.3,387.29,44.23347148935973,2.3398,0.20081,0.78675,3.9811e-13,0.0041309,0.0082767,5.0023e-07,1.0754e-08,1.1203e-13,1.7314e-15,1.4918e-14
773,231.6,387.15,44.14408227611035,2.3394,0.20083,0.78676,3.9572e-13,0.0041245,0.0082639,4.9961e-07,1.0739e-08,1.1143e-13,1.7201e-15,1.4828e-14
774,231.9,387.01,44.05337671507146,2.339,0.20084,0.78676,3.9333e-13,0.0041182,0.0082511,4.9899e-07,1.0724e-08,1.1083e-13,1.7088e-15,1.4737e-14
775,232.20000000000002,386.87,43.96362132490908,2.3386,0.20085,0.78677,3.9094e-13,0.0041118,0.0082383,4.9837e-07,1.071e-08,1.1023e-13,1.6975e-15,1.4646e-14
776,232.50000000000003,386.73,43.87254266622804,2.3382,0.20087,0.78677,3.8854e-13,0.0041054,0.0082256,4.9774e-07,1.0695e-08,1.0963e-13,1.6863e-15,1.4556e-14
777,232.79999999999998,386.59,43.78241656190302,2.3378,0.20088,0.78678,3.8615e-13,0.004099,0.0082128,4.9712e-07,1.068e-08,1.0903e-13,1.675e-15,1.4465e-14
778,233.1,386.46,43.69210454990696,2.3374,0.2009,0.78678,3.8376e-13,0.0040927,0.0082,4.965e-07,1.0665e-08,1.0843e-13,1.6637e-15,1.4374e-14
779,233.4,386.32,43.60045871318328,2.337,0.20091,0.78679,3.8137e-13,0.0040863,0.0081872,4.9588e-07,1.0651e-08,1.0783e-13,1.6524e-15,1.4284e-14
780,233.70000000000002,386.18,43.509769018003304,2.3365,0.20092,0.78679,3.7898e-13,0.0040799,0.0081744,4.9526e-07,1.0636e-08,1.0723e-13,1.6412e-15,1.4193e-14
781,234.0,386.04,43.418889898291965,2.3361,0.20094,0.7868,3.7659e-13,0.0040735,0.0081617,4.9463e-07,1.0621e-08,1.0663e-13,1.6299e-15,1.4102e-14
782,234.3,385.9,43.32666615376724,2.3357,0.20095,0.7868,3.742e-13,0.0040671,0.0081489,4.9401e-07,1.0607e-08,1.0603e-13,1.6186e-15,1.4012e-14
783,234.60000000000002,385.76,43.23540216072935,2.3353,0.20097,0.78681,3.7181e-13,0.0040608,0.0081361,4.9339e-07,1.0592e-08,1.0543e-13,1.6073e-15,1.3921e-14
784,234.90000000000003,385.63,43.142786187264264,2.3349,0.20098,0.78681,3.6941e-13,0.0040544,0.0081233,4.9277e-07,1.0577e-08,1.0483e-13,1.5961e-15,1.383e-14
785,235.2,385.49,43.05113238928797,2.3345,0.201,0.78682,3.6702e-13,0.004048,0.0081106,4.9215e-07,1.0562e-08,1.0423e-13,1.5848e-15,1.374e-14
786,235.5,385.35,42.95928304802118,2.3341,0.20101,0.78682,3.6463e-13,0.0040416,0.0080978,4.9152e-07,1.0548e-08,1.0363e-13,1.5735e-15,1.3649e-14
787,235.8,385.21,42.86607049870562,2.3337,0.20102,0.78683,3.6224e-13,0.0040353,0.008085,4.909e-07,1.0533e-08,1.0303e-13,1.5622e-15,1.3558e-14
788,236.10000000000002,385.07,42.77382377108691,2.3333,0.20104,0.78683,3.5985e-13,0.0040289,0.0080722,4.9028e-07,1.0518e-08,1.0243e-13,1.551e-15,1.3468e-14
789,236.39999999999998,384.93,42.68137767223546,2.3329,0.20105,0.78684,3.5746e-13,0.0040225,0.0080594,4.8966e-07,1.0504e-08,1.0183e-13,1.5397e-15,1.3377e-14
790,236.7,384.79,42.58755686817454,2.3325,0.20107,0.78684,3.5507e-13,0.0040161,0.0080467,4.8904e-07,1.0489e-08,1.0123e-13,1.5284e-15,1.3286e-14
791,237.0,384.66,42.49470555257443,2.3321,0.20108,0.78685,3.5268e-13,0.0040097,0.0080339,4.8841e-07,1.0474e-08,1.0063e-13,1.5171e-15,1.3196e-14
792,237.3,384.52,42.4016509112558,2.3317,0.20109,0.78685,3.5028e-13,0.0040034,0.0080211,4.8779e-07,1.0459e-08,1.0003e-13,1.5059e-15,1.3105e-14
793,237.6,384.38,42.30720978745821,2.3312,0.20111,0.78686,3.4789e-13,0.003997,0.0080083,4.8717e-07,1.0445e-08,9.9431e-14,1.4946e-15,1.3014e-14
794,237.9,384.24,42.21374183841087,2.3308,0.20112,0.78686,3.455e-13,0.0039906,0.0079956,4.8655e-07,1.043e-08,9.8831e-14,1.4833e-15,1.2924e-14
795,238.20000000000002,384.1,42.118879377305376,2.3304,0.20114,0.78687,3.4311e-13,0.0039842,0.0079828,4.8593e-07,1.0415e-08,9.8232e-14,1.472e-15,1.2833e-14
796,238.49999999999997,383.96,42.02499256394937,2.33,0.20115,0.78687,3.4072e-13,0.0039778,0.00797,4.853e-07,1.0401e-08,9.7632e-14,1.4608e-15,1.2742e-14
797,238.79999999999998,383.83,41.93089553062276,2.3296,0.20116,0.78688,3.3833e-13,0.0039715,0.0079572,4.8468e-07,1.0386e-08,9.7032e-14,1.4495e-15,1.2652e-14
798,239.1,383.69,41.83539171562757,2.3292,0.20118,0.78688,3.3594e-13,0.0039651,0.0079445,4.8406e-07,1.0371e-08,9.6432e-14,1.4382e-15,1.2561e-14
799,239.4,383.55,41.74086726458855,2.3288,0.20119,0.78689,3.3355e-13,0.0039587,0.0079317,4.8344e-07,1.0356e-08,9.5833e-14,1.4269e-15,1.247e-14
800,239.7,383.41,41.646128271425184,2.3284,0.20121,0.78689,3.3115e-13,0.0039523,0.0079189,4.8282e-07,1.0342e-08,9.5233e-14,1.4157e-15,1.238e-14
801,240.0,383.27,41.54996991575325,2.328,0.20122,0.7869,3.2876e-13,0.003946,0.0079061,4.8219e-07,1.0327e-08,9.4633e-14,1.4044e-15,1.2289e-14
802,240.3,383.13,41.454794656348255,2.3276,0.20124,0.7869,3.2637e-13,0.0039396,0.0078933,4.8157e-07,1.0312e-08,9.4033e-14,1.3931e-15,1.2198e-14
803,240.60000000000002,383.0,41.35940038250071,2.3272,0.20125,0.78691,3.2398e-13,0.0039332,0.0078806,4.8095e-07,1.0297e-08,9.3434e-14,1.3818e-15,1.2108e-14
804,240.89999999999998,382.86,41.262573841194154,2.3268,0.20126,0.78691,3.2159e-13,0.0039268,0.0078678,4.8033e-07,1.0283e-08,9.2834e-14,1.3706e-15,1.2017e-14
805,241.2,382.72,41.166734142994635,2.3264,0.20128,0.78692,3.192e-13,0.0039204,0.007855,4.797e-07,1.0268e-08,9.2234e-14,1.3593e-15,1.1926e-14
806,241.5,382.58,41.06945336865345,2.326,0.20129,0.78692,3.1681e-13,0.0039141,0.0078422,4.7908e-07,1.0253e-08,9.1634e-14,1.348e-15,1.1836e-14
807,241.8,382.44,40.973161947792114,2.3255,0.20131,0.78693,3.1442e-13,0.0039077,0.0078295,4.7846e-07,1.0239e-08,9.1035e-14,1.3367e-15,1.1745e-14
808,242.1,382.3,40.87664369783801,2.3251,0.20132,0.78693,3.1202e-13,0.0039013,0.0078167,4.7784e-07,1.0224e-08,9.0435e-14,1.3255e-15,1.1654e-14
809,242.4,382.17,40.778670895457104,2.3247,0.20133,0.78694,3.0963e-13,0.0038949,0.0078039,4.7722e-07,1.0209e-08,8.9835e-14,1.3142e-15,1.1564e-14
810,242.70000000000002,382.03,40.681691213615984,2.3243,0.20135,0.78694,3.0724e-13,0.0038886,0.0077911,4.7659e-07,1.0194e-08,8.9235e-14,1.3029e-15,1.1473e-14
811,243.00000000000003,381.89,40.584479792157,2.3239,0.20136,0.78695,3.0485e-13,0.0038822,0.0077783,4.7597e-07,1.018e-08,8.8636e-14,1.2916e-15,1.1382e-14
812,243.29999999999998,381.75,40.485799979745984,2.3235,0.20138,0.78695,3.0246e-13,0.0038758,0.0077656,4.7535e-07,1.0165e-08,8.8036e-14,1.2804e-15,1.1292e-14
813,243.6,381.61,40.38811706430494,2.3231,0.20139,0.78696,3.0007e-13,0.0038694,0.0077528,4.7473e-07,1.015e-08,8.7436e-14,1.2691e-15,1.1201e-14
814,243.9,381.47,40.29019731895092,2.3227,0.20141,0.78696,2.9768e-13,0.003863,0.00774,4.7411e-07,1.0136e-08,8.6837e-14,1.2578e-15,1.111e-14
815,244.20000000000002,381.33,40.19079496601181,2.3223,0.20142,0.78697,2.9529e-13,0.0038567,0.0077272,4.7348e-07,1.0121e-08,8.6237e-14,1.2465e-15,1.102e-14
816,244.49999999999997,381.2,40.092393293491476,2.3219,0.20143,0.78697,2.9289e-13,0.0038503,0.0077145,4.7286e-07,1.0106e-08,8.5637e-14,1.2353e-15,1.0929e-14
817,244.79999999999998,381.06,39.992499296743134,2.3215,0.20145,0.78698,2.905e-13,0.0038439,0.0077017,4.7224e-07,1.0091e-08,8.5037e-14,1.224e-15,1.0838e-14
818,245.1,380.92,39.89360851063739,2.3211,0.20146,0.78698,2.8811e-13,0.0038375,0.0076889,4.7162e-07,1.0077e-08,8.4438e-14,1.2127e-15,1.0748e-14
819,245.4,380.78,39.79447197790165,2.3207,0.20148,0.78699,2.8572e-13,0.0038312,0.0076761,4.71e-07,1.0062e-08,8.3838e-14,1.2014e-15,1.0657e-14
820,245.7,380.64,39.69382823563381,2.3202,0.20149,0.78699,2.8333e-13,0.0038248,0.0076634,4.7037e-07,1.0047e-08,8.3238e-14,1.1902e-15,1.0566e-14
821,246.0,380.5,39.594191493197584,2.3198,0.2015,0.787,2.8094e-13,0.0038184,0.0076506,4.6975e-07,1.0033e-08,8.2638e-14,1.1789e-15,1.0476e-14
822,246.3,380.37,39.4943033866911,2.3194,0.20152,0.78701,2.7855e-13,0.003812,0.0076378,4.6913e-07,1.0018e-08,8.2039e-14,1.1676e-15,1.0385e-14
823,246.60000000000002,380.23,39.39289275998908,2.319,0.20153,0.78701,2.7616e-13,0.0038056,0.007625,4.6851e-07,1.0003e-08,8.1439e-14,1.1563e-15,1.0294e-14
824,246.89999999999998,380.09,39.292492921676526,2.3186,0.20155,0.78702,2.7376e-13,0.0037993,0.0076122,4.6789e-07,9.9884e-09,8.0839e-14,1.1451e-15,1.0204e-14
825,247.2,379.95,39.1905600878579,2.3182,0.20156,0.78702,2.7137e-13,0.0037929,0.0075995,4.6726e-07,9.9736e-09,8.0239e-14,1.1338e-15,1.0113e-14
826,247.5,379.81,39.08964057138413,2.3178,0.20157,0.78703,2.6898e-13,0.0037865,0.0075867,4.6664e-07,9.9589e-09,7.964e-14,1.1225e-15,1.0022e-14
827,247.8,379.67,38.98845983108335,2.3174,0.20159,0.78703,2.6659e-13,0.0037801,0.0075739,4.6602e-07,9.9442e-09,7.904e-14,1.1112e-15,9.9318e-15
828,248.1,379.54,38.88573003043661,2.317,0.2016,0.78704,2.642e-13,0.0037738,0.0075611,4.654e-07,9.9295e-09,7.844e-14,1.1e-15,9.8412e-15
829,248.4,379.4,38.7840173267288,2.3166,0.20162,0.78704,2.6181e-13,0.0037674,0.0075484,4.6478e-07,9.9148e-09,7.784e-14,1.0887e-15,9.7505e-15
830,248.70000000000002,379.26,38.682037174895534,2.3162,0.20163,0.78705,2.5942e-13,0.003761,0.0075356,4.6415e-07,9.9e-09,7.7241e-14,1.0774e-15,9.6598e-15
831,249.00000000000003,379.12,38.5784914168504,2.3158,0.20165,0.78705,2.5703e-13,0.0037546,0.0075228,4.6353e-07,9.8853e-09,7.6641e-14,1.0661e-15,9.5692e-15
832,249.29999999999998,378.98,38.47596652457219,2.3154,0.20166,0.78706,2.5463e-13,0.0037482,0.00751,4.6291e-07,9.8706e-09,7.6041e-14,1.0549e-15,9.4785e-15
833,249.6,378.84,38.37316770869979,2.3149,0.20167,0.78706,2.5224e-13,0.0037419,0.0074972,4.6229e-07,9.8559e-09,7.5441e-14,1.0436e-15,9.3878e-15
834,249.9,378.71,38.268786236304905,2.3145,0.20169,0.78707,2.4985e-13,0.0037355,0.0074845,4.6167e-07,9.8411e-09,7.4842e-14,1.0323e-15,9.2972e-15
835,250.2,378.57,38.165429383147256,2.3141,0.2017,0.78707,2.4746e-13,0.0037291,0.0074717,4.6104e-07,9.8264e-09,7.4242e-14,1.021e-15,9.2065e-15
836,250.5,378.43,38.060478189323895,2.3137,0.20172,0.78708,2.4507e-13,0.0037227,0.0074589,4.6042e-07,9.8117e-09,7.3642e-14,1.0098e-15,9.1158e-15
837,250.8,378.29,37.95655411124672,2.3133,0.20173,0.78708,2.4268e-13,0.0037164,0.0074461,4.598e-07,9.797e-09,7.3042e-14,9.9849e-16,9.0252e-15
838,251.10000000000002,378.15,37.85234470941001,2.3129,0.20174,0.78709,2.4029e-13,0.00371,0.0074334,4.5918e-07,9.7823e-09,7.2443e-14,9.8722e-16,8.9345e-15
839,251.39999999999998,378.01,37.746523018683455,2.3125,0.20176,0.78709,2.379e-13,0.0037036,0.0074206,4.5855e-07,9.7675e-09,7.1843e-14,9.7594e-16,8.8438e-15
840,251.7,377.87,37.641732159931216,2.3121,0.20177,0.7871,2.355e-13,0.0036972,0.0074078,4.5793e-07,9.7528e-09,7.1243e-14,9.6467e-16,8.7532e-15
841,252.0,377.74,37.53664875824692,2.3117,0.20179,0.7871,2.3311e-13,0.0036908,0.007395,4.5731e-07,9.7381e-09,7.0643e-14,9.5339e-16,8.6625e-15
842,252.3,377.6,37.429934544425805,2.3113,0.2018,0.78711,2.3072e-13,0.0036845,0.0073823,4.5669e-07,9.7234e-09,7.0044e-14,9.4212e-16,8.5718e-15
843,252.59999999999997,377.46,37.324254848556585,2.3109,0.20181,0.78711,2.2833e-13,0.0036781,0.0073695,4.5607e-07,9.7087e-09,6.9444e-14,9.3084e-16,8.4812e-15
844,252.89999999999998,377.32,37.218275080933026,2.3105,0.20183,0.78712,2.2594e-13,0.0036717,0.0073567,4.5544e-07,9.6939e-09,6.8844e-14,9.1957e-16,8.3905e-15
845,253.2,377.18,37.11064537299237,2.3101,0.20184,0.78712,2.2355e-13,0.0036653,0.0073439,4.5482e-07,9.6792e-09,6.8244e-14,9.0829e-16,8.2998e-15
846,253.5,377.04,37.004053831979,2.3096,0.20186,0.78713,2.2116e-13,0.003659,0.0073311,4.542e-07,9.6645e-09,6.7645e-14,8.9702e-16,8.2092e-15
847,253.79999999999998,376.91,36.89579921888127,2.3092,0.20187,0.78713,2.1877e-13,0.0036526,0.0073184,4.5358e-07,9.6498e-09,6.7045e-14,8.8574e-16,8.1185e-15
848,254.1,376.77,36.788585186168824,2.3088,0.20189,0.78714,2.1637e-13,0.0036462,0.0073056,4.5296e-07,9.6351e-09,6.6445e-14,8.7447e-16,8.0279e-15
849,254.4,376.63,36.68105778191245,2.3084,0.2019,0.78714,2.1398e-13,0.0036398,0.0072928,4.5233e-07,9.6203e-09,6.5845e-14,8.6319e-16,7.9372e-15
850,254.70000000000002,376.49,36.571847095819486,2.308,0.20191,0.78715,2.1159e-13,0.0036334,0.00728,4.5171e-07,9.6056e-09,6.5246e-14,8.5192e-16,7.8465e-15
851,254.99999999999997,376.35,36.46368056025063,2.3076,0.20193,0.78715,2.092e-13,0.0036271,0.0072673,4.5109e-07,9.5909e-09,6.4646e-14,8.4064e-16,7.7559e-15
852,255.29999999999998,376.21,36.35519220138989,2.3072,0.20194,0.78716,2.0681e-13,0.0036207,0.0072545,4.5047e-07,9.5762e-09,6.4046e-14,8.2937e-16,7.6652e-15
853,255.6,376.08,36.24499965512484,2.3068,0.20196,0.78716,2.0442e-13,0.0036143,0.0072417,4.4985e-07,9.5615e-09,6.3446e-14,8.1809e-16,7.5745e-15
854,255.9,375.94,36.13585477057378,2.3064,0.20197,0.78717,2.0203e-13,0.0036079,0.0072289,4.4922e-07,9.5467e-09,6.2847e-14,8.0682e-16,7.4839e-15
855,256.2,375.8,36.02499132546738,2.306,0.20198,0.78717,1.9964e-13,0.0036016,0.0072162,4.486e-07,9.532e-09,6.2247e-14,7.9554e-16,7.3932e-15
856,256.5,375.66,35.915177850039946,2.3056,0.202,0.78718,1.9724e-13,0.0035952,0.0072034,4.4798e-07,9.5173e-09,6.1647e-14,7.8427e-16,7.3025e-15
857,256.8,375.52,35.805027579936315,2.3052,0.20201,0.78718,1.9485e-13,0.0035888,0.0071906,4.4736e-07,9.5026e-09,6.1047e-14,7.7299e-16,7.2119e-15
858,257.1,375.38,35.6931365951495,2.3048,0.20203,0.78719,1.9246e-13,0.0035824,0.0071778,4.4674e-07,9.4879e-09,6.0448e-14,7.6172e-16,7.1212e-15
859,257.4,375.25,35.58229897013401,2.3044,0.20204,0.78719,1.9007e-13,0.003576,0.007165,4.4611e-07,9.4731e-09,5.9848e-14,7.5045e-16,7.0305e-15
860,257.7,375.11,35.471115009257886,2.3039,0.20206,0.7872,1.8768e-13,0.0035697,0.0071523,4.4549e-07,9.4584e-09,5.9248e-14,7.3917e-16,6.9399e-15
861,258.0,374.97,35.358167373324086,2.3035,0.20207,0.7872,1.8529e-13,0.0035633,0.0071395,4.4487e-07,9.4437e-09,5.8649e-14,7.279e-16,6.8492e-15
862,258.3,374.83,35.24627639907512,2.3031,0.20208,0.78721,1.829e-13,0.0035569,0.0071267,4.4425e-07,9.429e-09,5.8049e-14,7.1662e-16,6.7585e-15
863,258.59999999999997,374.69,35.13402908862005,2.3027,0.2021,0.78721,1.8051e-13,0.0035505,0.0071139,4.4363e-07,9.4143e-09,5.7449e-14,7.0535e-16,6.6679e-15
864,258.9,374.55,35.019994288977266,2.3023,0.20211,0.78722,1.7811e-13,0.0035442,0.0071012,4.43e-07,9.3995e-09,5.6849e-14,6.9407e-16,6.5772e-15
865,259.2,374.41,34.90701935141412,2.3019,0.20213,0.78722,1.7572e-13,0.0035378,0.0070884,4.4238e-07,9.3848e-09,5.625e-14,6.828e-16,6.4865e-15
866,259.5,374.28,34.792240514229604,2.3015,0.20214,0.78723,1.7333e-13,0.0035314,0.0070756,4.4176e-07,9.3701e-09,5.565e-14,6.7152e-16,6.3959e-15
867,259.8,374.14,34.67852361332587,2.3011,0.20215,0.78723,1.7094e-13,0.003525,0.0070628,4.4114e-07,9.3554e-09,5.505e-14,6.6025e-16,6.3052e-15
868,260.1,374.0,34.56443258611372,2.3007,0.20217,0.78724,1.6855e-13,0.0035186,0.00705,4.4051e-07,9.3407e-09,5.445e-14,6.4897e-16,6.2145e-15
869,260.40000000000003,373.86,34.44851230459742,2.3003,0.20218,0.78724,1.6616e-13,0.0035123,0.0070373,4.3989e-07,9.3259e-09,5.3851e-14,6.377e-16,6.1239e-15
870,260.70000000000005,373.72,34.33365695640358,2.2999,0.2022,0.78725,1.6377e-13,0.0035059,0.0070245,4.3927e-07,9.3112e-09,5.3251e-14,6.2642e-16,6.0332e-15
871,261.0,373.58,34.21841609426129,2.2995,0.20221,0.78725,1.6138e-13,0.0034995,0.0070117,4.3865e-07,9.2965e-09,5.2651e-14,6.1515e-16,5.9425e-15
872,261.3,373.45,34.10131962256006,2.2991,0.20222,0.78726,1.5898e-13,0.0034931,0.0069989,4.3803e-07,9.2818e-09,5.2051e-14,6.0387e-16,5.8519e-15
873,261.6,373.31,33.98529093593286,2.2986,0.20224,0.78726,1.5659e-13,0.0034867,0.0069862,4.374e-07,9.267e-09,5.1452e-14,5.926e-16,5.7612e-15
874,261.90000000000003,373.17,33.871817193649356,2.2983,0.20225,0.78727,1.543e-13,0.0034805,0.0069737,4.368e-07,9.2528e-09,5.0877e-14,5.8182e-16,5.6745e-15
875,262.2,373.11,33.831937573836946,2.2983,0.20226,0.78727,1.5404e-13,0.0034778,0.0069683,4.3657e-07,9.247e-09,5.079e-14,5.808e-16,5.6649e-15
876,262.5,373.05,33.793490497431605,2.2984,0.20226,0.78727,1.5378e-13,0.0034751,0.0069628,4.3634e-07,9.2412e-09,5.0704e-14,5.7978e-16,5.6553e-15
877,262.8,372.99,33.753518335130636,2.2984,0.20227,0.78727,1.5352e-13,0.0034724,0.0069574,4.3611e-07,9.2354e-09,5.0617e-14,5.7876e-16,5.6458e-15
878,263.09999999999997,372.93,33.713498780162226,2.2985,0.20228,0.78728,1.5325e-13,0.0034696,0.0069519,4.3588e-07,9.2296e-09,5.0531e-14,5.7774e-16,5.6362e-15
879,263.4,372.87,33.673431663553394,2.2986,0.20228,0.78728,1.5299e-13,0.0034669,0.0069464,4.3564e-07,9.2238e-09,5.0445e-14,5.7672e-16,5.6266e-15
880,263.7,372.81,33.633316815324655,2.2986,0.20229,0.78728,1.5273e-13,0.0034642,0.006941,4.3541e-07,9.218e-09,5.0358e-14,5.757e-16,5.617e-15
881,264.0,372.75,33.5946424300066,2.2987,0.2023,0.78728,1.5246e-13,0.0034615,0.0069355,4.3518e-07,9.2123e-09,5.0272e-14,5.7468e-16,5.6075e-15
882,264.29999999999995,372.69,33.55443338815305,2.2987,0.2023,0.78729,1.522e-13,0.0034587,0.00693,4.3495e-07,9.2065e-09,5.0185e-14,5.7365e-16,5.5979e-15
883,264.59999999999997,372.63,33.51417610504546,2.2988,0.20231,0.78729,1.5194e-13,0.003456,0.0069246,4.3472e-07,9.2007e-09,5.0099e-14,5.7263e-16,5.5883e-15
884,264.9,372.57,33.473870406632095,2.2989,0.20231,0.78729,1.5167e-13,0.0034533,0.0069191,4.3449e-07,9.1949e-09,5.0012e-14,5.7161e-16,5.5788e-15
885,265.2,372.51,33.433516117812076,2.2989,0.20232,0.78729,1.5141e-13,0.0034506,0.0069137,4.3426e-07,9.1891e-09,4.9926e-14,5.7059e-16,5.5692e-15
886,265.5,372.45,33.39461034358688,2.299,0.20233,0.78729,1.5115e-13,0.0034478,0.0069082,4.3403e-07,9.1833e-09,4.984e-14,5.6957e-16,5.5596e-15
887,265.8,372.39,33.354160160315836,2.299,0.20233,0.7873,1.5089e-13,0.0034451,0.0069027,4.3379e-07,9.1776e-09,4.9753e-14,5.6855e-16,5.55e-15
888,266.1,372.33,33.31366086157449,2.2991,0.20234,0.7873,1.5062e-13,0.0034424,0.0068973,4.3356e-07,9.1718e-09,4.9667e-14,5.6753e-16,5.5405e-15
889,266.40000000000003,372.27,33.27311226801605,2.2992,0.20234,0.7873,1.5036e-13,0.0034396,0.0068918,4.3333e-07,9.166e-09,4.958e-14,5.6651e-16,5.5309e-15
890,266.7,372.21,33.23401871576773,2.2992,0.20235,0.7873,1.501e-13,0.0034369,0.0068863,4.331e-07,9.1602e-09,4.9494e-14,5.6549e-16,5.5213e-15
891,267.0,372.15,33.19337283253993,2.2993,0.20236,0.78731,1.4983e-13,0.0034342,0.0068809,4.3287e-07,9.1544e-09,4.9407e-14,5.6447e-16,5.5118e-15
892,267.3,372.1,33.1526771166372,2.2994,0.20236,0.78731,1.4957e-13,0.0034315,0.0068754,4.3264e-07,9.1486e-09,4.9321e-14,5.6345e-16,5.5022e-15
893,267.6,372.04,33.111931384321274,2.2994,0.20237,0.78731,1.4931e-13,0.0034287,0.00687,4.3241e-07,9.1428e-09,4.9235e-14,5.6243e-16,5.4926e-15
894,267.9,371.98,33.07113545072198,2.2995,0.20237,0.78731,1.4905e-13,0.003426,0.0068645,4.3217e-07,9.1371e-09,4.9148e-14,5.6141e-16,5.483e-15
895,268.2,371.92,33.031802857246525,2.2995,0.20238,0.78731,1.4878e-13,0.0034233,0.006859,4.3194e-07,9.1313e-09,4.9062e-14,5.6039e-16,5.4735e-15
896,268.5,371.86,32.990907838372685,2.2996,0.20239,0.78732,1.4852e-13,0.0034206,0.0068536,4.3171e-07,9.1255e-09,4.8975e-14,5.5937e-16,5.4639e-15
897,268.8,371.8,32.94996206371109,2.2997,0.20239,0.78732,1.4826e-13,0.0034178,0.0068481,4.3148e-07,9.1197e-09,4.8889e-14,5.5835e-16,5.4543e-15
898,269.09999999999997,371.74,32.90896534380867,2.2997,0.2024,0.78732,1.4799e-13,0.0034151,0.0068426,4.3125e-07,9.1139e-09,4.8802e-14,5.5733e-16,5.4448e-15
899,269.4,371.68,32.86943869310822,2.2998,0.2024,0.78732,1.4773e-13,0.0034124,0.0068372,4.3102e-07,9.1081e-09,4.8716e-14,5.5631e-16,5.4352e-15
900,269.7,371.62,32.82834141408914,2.2998,0.20241,0.78732,1.4747e-13,0.0034097,0.0068317,4.3079e-07,9.1023e-09,4.863e-14,5.5529e-16,5.4256e-15
901,270.0,371.56,32.78719262151,2.2999,0.20242,0.78733,1.472e-13,0.0034069,0.0068263,4.3055e-07,9.0966e-09,4.8543e-14,5.5427e-16,5.416e-15
902,270.3,371.5,32.745992121174154,2.3,0.20242,0.78733,1.4694e-13,0.0034042,0.0068208,4.3032e-07,9.0908e-09,4.8457e-14,5.5325e-16,5.4065e-15
903,270.6,371.44,32.70473971766172,2.3,0.20243,0.78733,1.4668e-13,0.0034015,0.0068153,4.3009e-07,9.085e-09,4.837e-14,5.5223e-16,5.3969e-15
904,270.90000000000003,371.38,32.66496594212215,2.3001,0.20243,0.78733,1.4642e-13,0.0033987,0.0068099,4.2986e-07,9.0792e-09,4.8284e-14,5.5121e-16,5.3873e-15
905,271.20000000000005,371.32,32.62361108154644,2.3001,0.20244,0.78734,1.4615e-13,0.003396,0.0068044,4.2963e-07,9.0734e-09,4.8197e-14,5.5019e-16,5.3778e-15
906,271.5,371.26,32.58220373148507,2.3002,0.20245,0.78734,1.4589e-13,0.0033933,0.006799,4.294e-07,9.0676e-09,4.8111e-14,5.4917e-16,5.3682e-15
907,271.8,371.2,32.540743691563044,2.3003,0.20245,0.78734,1.4563e-13,0.0033906,0.0067935,4.2917e-07,9.0618e-09,4.8025e-14,5.4814e-16,5.3586e-15
908,272.1,371.14,32.49923076012723,2.3003,0.20246,0.78734,1.4536e-13,0.0033878,0.006788,4.2893e-07,9.0561e-09,4.7938e-14,5.4712e-16,5.349e-15
909,272.40000000000003,371.08,32.459205165869356,2.3004,0.20246,0.78734,1.451e-13,0.0033851,0.0067826,4.287e-07,9.0503e-09,4.7852e-14,5.461e-16,5.3395e-15
910,272.7,371.02,32.41758781896025,2.3004,0.20247,0.78735,1.4484e-13,0.0033824,0.0067771,4.2847e-07,9.0445e-09,4.7765e-14,5.4508e-16,5.3299e-15
911,273.0,370.96,32.37591697543098,2.3005,0.20248,0.78735,1.4457e-13,0.0033797,0.0067716,4.2824e-07,9.0387e-09,4.7679e-14,5.4406e-16,5.3203e-15
912,273.3,370.9,32.334192428449484,2.3006,0.20248,0.78735,1.4431e-13,0.0033769,0.0067662,4.2801e-07,9.0329e-09,4.7592e-14,5.4304e-16,5.3108e-15
913,273.6,370.84,32.29396228399359,2.3006,0.20249,0.78735,1.4405e-13,0.0033742,0.0067607,4.2778e-07,9.0271e-09,4.7506e-14,5.4202e-16,5.3012e-15
914,273.9,370.78,32.25213171249305,2.3007,0.20249,0.78736,1.4379e-13,0.0033715,0.0067553,4.2755e-07,9.0213e-09,4.742e-14,5.41e-16,5.2916e-15
915,274.2,370.72,32.21024681681281,2.3008,0.2025,0.78736,1.4352e-13,0.0033688,0.0067498,4.2732e-07,9.0156e-09,4.7333e-14,5.3998e-16,5.282e-15
916,274.5,370.66,32.16830738475371,2.3008,0.20251,0.78736,1.4326e-13,0.003366,0.0067443,4.2708e-07,9.0098e-09,4.7247e-14,5.3896e-16,5.2725e-15
917,274.8,370.6,32.126313202731495,2.3009,0.20251,0.78736,1.43e-13,0.0033633,0.0067389,4.2685e-07,9.004e-09,4.716e-14,5.3794e-16,5.2629e-15
918,275.09999999999997,370.54,32.08582241426889,2.3009,0.20252,0.78736,1.4273e-13,0.0033606,0.0067334,4.2662e-07,8.9982e-09,4.7074e-14,5.3692e-16,5.2533e-15
919,275.4,370.48,32.04372013359248,2.301,0.20252,0.78737,1.4247e-13,0.0033578,0.0067279,4.2639e-07,8.9924e-09,4.6987e-14,5.359e-16,5.2438e-15
920,275.7,370.42,32.00156246185489,2.3011,0.20253,0.78737,1.4221e-13,0.0033551,0.0067225,4.2616e-07,8.9866e-09,4.6901e-14,5.3488e-16,5.2342e-15
921,276.0,370.36,31.959349179856588,2.3011,0.20254,0.78737,1.4195e-13,0.0033524,0.006717,4.2593e-07,8.9808e-09,4.6814e-14,5.3386e-16,5.2246e-15
922,276.3,370.3,31.918646587848926,2.3012,0.20254,0.78737,1.4168e-13,0.0033497,0.0067116,4.257e-07,8.9751e-09,4.6728e-14,5.3284e-16,5.215e-15
923,276.6,370.24,31.876323501934788,2.3012,0.20255,0.78737,1.4142e-13,0.0033469,0.0067061,4.2546e-07,8.9693e-09,4.6642e-14,5.3182e-16,5.2055e-15
924,276.90000000000003,370.18,31.833944147717542,2.3013,0.20255,0.78738,1.4116e-13,0.0033442,0.0067006,4.2523e-07,8.9635e-09,4.6555e-14,5.308e-16,5.1959e-15
925,277.2,370.12,31.791508300173493,2.3014,0.20256,0.78738,1.4089e-13,0.0033415,0.0066952,4.25e-07,8.9577e-09,4.6469e-14,5.2978e-16,5.1863e-15
926,277.5,370.06,31.74901573277509,2.3014,0.20257,0.78738,1.4063e-13,0.0033388,0.0066897,4.2477e-07,8.9519e-09,4.6382e-14,5.2876e-16,5.1768e-15
927,277.8,370.0,31.708043143656784,2.3015,0.20257,0.78738,1.4037e-13,0.003336,0.0066843,4.2454e-07,8.9461e-09,4.6296e-14,5.2774e-16,5.1672e-15
928,278.1,369.94,31.66543857267731,2.3015,0.20258,0.78739,1.401e-13,0.0033333,0.0066788,4.2431e-07,8.9403e-09,4.6209e-14,5.2672e-16,5.1576e-15
929,278.4,369.88,31.622776601683793,2.3016,0.20259,0.78739,1.3984e-13,0.0033306,0.0066733,4.2408e-07,8.9346e-09,4.6123e-14,5.257e-16,5.148e-15
930,278.7,369.82,31.580531977786567,2.3017,0.20259,0.78739,1.3958e-13,0.0033278,0.0066679,4.2384e-07,8.9288e-09,4.6037e-14,5.2468e-16,5.1385e-15
931,279.0,369.76,31.53807223024261,2.3017,0.2026,0.78739,1.3932e-13,0.0033251,0.0066624,4.2361e-07,8.923e-09,4.595e-14,5.2366e-16,5.1289e-15
932,279.3,369.7,31.495555241970255,2.3018,0.2026,0.78739,1.3905e-13,0.0033224,0.0066569,4.2338e-07,8.9172e-09,4.5864e-14,5.2263e-16,5.1193e-15
933,279.59999999999997,369.64,31.453139747885267,2.3018,0.20261,0.7874,1.3879e-13,0.0033197,0.0066515,4.2315e-07,8.9114e-09,4.5777e-14,5.2161e-16,5.1098e-15
934,279.9,369.58,31.41050779595898,2.3019,0.20262,0.7874,1.3853e-13,0.0033169,0.006646,4.2292e-07,8.9056e-09,4.5691e-14,5.2059e-16,5.1002e-15
935,280.2,369.52,31.36781790306747,2.302,0.20262,0.7874,1.3826e-13,0.0033142,0.0066406,4.2269e-07,8.8999e-09,4.5604e-14,5.1957e-16,5.0906e-15
936,280.5,369.46,31.325069832324395,2.302,0.20263,0.7874,1.38e-13,0.0033115,0.0066351,4.2246e-07,8.8941e-09,4.5518e-14,5.1855e-16,5.081e-15
937,280.79999999999995,369.4,31.28226334522488,2.3021,0.20263,0.7874,1.3774e-13,0.0033088,0.0066296,4.2222e-07,8.8883e-09,4.5432e-14,5.1753e-16,5.0715e-15
938,281.1,369.34,31.239398201629943,2.3021,0.20264,0.78741,1.3747e-13,0.003306,0.0066242,4.2199e-07,8.8825e-09,4.5345e-14,5.1651e-16,5.0619e-15
939,281.4,369.28,31.19663443386161,2.3022,0.20265,0.78741,1.3721e-13,0.0033033,0.0066187,4.2176e-07,8.8767e-09,4.5259e-14,5.1549e-16,5.0523e-15
940,281.70000000000005,369.22,31.153651471376513,2.3023,0.20265,0.78741,1.3695e-13,0.0033006,0.0066132,4.2153e-07,8.8709e-09,4.5172e-14,5.1447e-16,5.0427e-15
941,282.0,369.16,31.110609122934253,2.3023,0.20266,0.78741,1.3669e-13,0.0032979,0.0066078,4.213e-07,8.8651e-09,4.5086e-14,5.1345e-16,5.0332e-15
942,282.3,369.1,31.067507141706752,2.3024,0.20266,0.78742,1.3642e-13,0.0032951,0.0066023,4.2107e-07,8.8594e-09,4.4999e-14,5.1243e-16,5.0236e-15
943,282.6,369.04,31.02434527915134,2.3025,0.20267,0.78742,1.3616e-13,0.0032924,0.0065969,4.2084e-07,8.8536e-09,4.4913e-14,5.1141e-16,5.014e-15
944,282.90000000000003,368.98,30.981284673170027,2.3025,0.20268,0.78742,1.359e-13,0.0032897,0.0065914,4.2061e-07,8.8478e-09,4.4827e-14,5.1039e-16,5.0045e-15
945,283.2,368.92,30.93800252117127,2.3026,0.20268,0.78742,1.3563e-13,0.0032869,0.0065859,4.2037e-07,8.842e-09,4.474e-14,5.0937e-16,4.9949e-15
946,283.5,368.86,30.89465973271109,2.3026,0.20269,0.78742,1.3537e-13,0.0032842,0.0065805,4.2014e-07,8.8362e-09,4.4654e-14,5.0835e-16,4.9853e-15
947,283.8,368.8,30.851256052225814,2.3027,0.20269,0.78743,1.3511e-13,0.0032815,0.006575,4.1991e-07,8.8304e-09,4.4567e-14,5.0733e-16,4.9757e-15
948,284.1,368.74,30.80779122235153,2.3028,0.2027,0.78743,1.3485e-13,0.0032788,0.0065695,4.1968e-07,8.8246e-09,4.4481e-14,5.0631e-16,4.9662e-15
949,284.4,368.68,30.764427509706728,2.3028,0.20271,0.78743,1.3458e-13,0.003276,0.0065641,4.1945e-07,8.8189e-09,4.4394e-14,5.0529e-16,4.9566e-15
950,284.7,368.62,30.72083983227021,2.3029,0.20271,0.78743,1.3432e-13,0.0032733,0.0065586,4.1922e-07,8.8131e-09,4.4308e-14,5.0427e-16,4.947e-15
951,285.0,368.56,30.677190223356508,2.3029,0.20272,0.78744,1.3406e-13,0.0032706,0.0065532,4.1899e-07,8.8073e-09,4.4222e-14,5.0325e-16,4.9375e-15
952,285.3,368.5,30.633478418227337,2.303,0.20272,0.78744,1.3379e-13,0.0032679,0.0065477,4.1875e-07,8.8015e-09,4.4135e-14,5.0223e-16,4.9279e-15
953,285.59999999999997,368.44,30.58970415025291,2.3031,0.20273,0.78744,1.3353e-13,0.0032651,0.0065422,4.1852e-07,8.7957e-09,4.4049e-14,5.0121e-16,4.9183e-15
954,285.9,368.38,30.54586715089293,2.3031,0.20274,0.78744,1.3327e-13,0.0032624,0.0065368,4.1829e-07,8.7899e-09,4.3962e-14,5.0019e-16,4.9087e-15
955,286.2,368.32,30.502131073090613,2.3032,0.20274,0.78744,1.33e-13,0.0032597,0.0065313,4.1806e-07,8.7841e-09,4.3876e-14,4.9917e-16,4.8992e-15
956,286.5,368.26,30.45816803420718,2.3032,0.20275,0.78745,1.3274e-13,0.003257,0.0065259,4.1783e-07,8.7784e-09,4.3789e-14,4.9814e-16,4.8896e-15
957,286.8,368.2,30.41414144768844,2.3033,0.20275,0.78745,1.3248e-13,0.0032542,0.0065204,4.176e-07,8.7726e-09,4.3703e-14,4.9712e-16,4.88e-15
958,287.1,368.14,30.370051037164888,2.3034,0.20276,0.78745,1.3222e-13,0.0032515,0.0065149,4.1737e-07,8.7668e-09,4.3617e-14,4.961e-16,4.8705e-15
959,287.40000000000003,368.08,30.325896524257942,2.3034,0.20277,0.78745,1.3195e-13,0.0032488,0.0065095,4.1713e-07,8.761e-09,4.353e-14,4.9508e-16,4.8609e-15
960,287.7,368.02,30.28184274445662,2.3035,0.20277,0.78745,1.3169e-13,0.003246,0.006504,4.169e-07,8.7552e-09,4.3444e-14,4.9406e-16,4.8513e-15
961,288.0,367.96,30.237559425323994,2.3035,0.20278,0.78746,1.3143e-13,0.0032433,0.0064985,4.1667e-07,8.7494e-09,4.3357e-14,4.9304e-16,4.8417e-15
962,288.3,367.9,30.193211157477105,2.3036,0.20278,0.78746,1.3116e-13,0.0032406,0.0064931,4.1644e-07,8.7436e-09,4.3271e-14,4.9202e-16,4.8322e-15
963,288.6,367.84,30.14879765430124,2.3037,0.20279,0.78746,1.309e-13,0.0032379,0.0064876,4.1621e-07,8.7379e-09,4.3184e-14,4.91e-16,4.8226e-15
964,288.9,367.78,30.104318627067446,2.3037,0.2028,0.78746,1.3064e-13,0.0032351,0.0064822,4.1598e-07,8.7321e-09,4.3098e-14,4.8998e-16,4.813e-15
965,289.2,367.72,30.059940119700837,2.3038,0.2028,0.78747,1.3037e-13,0.0032324,0.0064767,4.1575e-07,8.7263e-09,4.3012e-14,4.8896e-16,4.8035e-15
966,289.5,367.66,30.015329416816336,2.3038,0.20281,0.78747,1.3011e-13,0.0032297,0.0064712,4.1552e-07,8.7205e-09,4.2925e-14,4.8794e-16,4.7939e-15
967,289.8,367.6,29.970652311886706,2.3039,0.20281,0.78747,1.2985e-13,0.003227,0.0064658,4.1528e-07,8.7147e-09,4.2839e-14,4.8692e-16,4.7843e-15
968,290.09999999999997,367.54,29.925908507512347,2.304,0.20282,0.78747,1.2959e-13,0.0032242,0.0064603,4.1505e-07,8.7089e-09,4.2752e-14,4.859e-16,4.7747e-15
969,290.4,367.48,29.88109770406703,2.304,0.20283,0.78747,1.2932e-13,0.0032215,0.0064548,4.1482e-07,8.7031e-09,4.2666e-14,4.8488e-16,4.7652e-15
970,290.7,367.42,29.83621959967449,2.3041,0.20283,0.78748,1.2906e-13,0.0032188,0.0064494,4.1459e-07,8.6974e-09,4.2579e-14,4.8386e-16,4.7556e-15
971,291.0,367.36,29.791441724092508,2.3042,0.20284,0.78748,1.288e-13,0.0032161,0.0064439,4.1436e-07,8.6916e-09,4.2493e-14,4.8284e-16,4.746e-15
972,291.29999999999995,367.3,29.74642835703137,2.3042,0.20284,0.78748,1.2853e-13,0.0032133,0.0064385,4.1413e-07,8.6858e-09,4.2407e-14,4.8182e-16,4.7365e-15
973,291.59999999999997,367.24,29.70134677081159,2.3043,0.20285,0.78748,1.2827e-13,0.0032106,0.006433,4.139e-07,8.68e-09,4.232e-14,4.808e-16,4.7269e-15
974,291.9,367.18,29.656196654325047,2.3043,0.20286,0.78748,1.2801e-13,0.0032079,0.0064275,4.1366e-07,8.6742e-09,4.2234e-14,4.7978e-16,4.7173e-15
975,292.2,367.12,29.610977694091762,2.3044,0.20286,0.78749,1.2775e-13,0.0032051,0.0064221,4.1343e-07,8.6684e-09,4.2147e-14,4.7876e-16,4.7077e-15
976,292.5,367.06,29.565858688697002,2.3045,0.20287,0.78749,1.2748e-13,0.0032024,0.0064166,4.132e-07,8.6626e-09,4.2061e-14,4.7774e-16,4.6982e-15
977,292.8,367.0,29.520501350756224,2.3045,0.20288,0.78749,1.2722e-13,0.0031997,0.0064111,4.1297e-07,8.6569e-09,4.1974e-14,4.7672e-16,4.6886e-15
978,293.1,366.94,29.475074215343376,2.3046,0.20288,0.78749,1.2696e-13,0.003197,0.0064057,4.1274e-07,8.6511e-09,4.1888e-14,4.757e-16,4.679e-15
979,293.40000000000003,366.88,29.42957695924289,2.3046,0.20289,0.7875,1.2669e-13,0.0031942,0.0064002,4.1251e-07,8.6453e-09,4.1802e-14,4.7468e-16,4.6695e-15
980,293.7,366.82,29.384009256736903,2.3047,0.20289,0.7875,1.2643e-13,0.0031915,0.0063948,4.1228e-07,8.6395e-09,4.1715e-14,4.7366e-16,4.6599e-15
981,294.0,366.76,29.338370779578064,2.3048,0.2029,0.7875,1.2617e-13,0.0031888,0.0063893,4.1204e-07,8.6337e-09,4.1629e-14,4.7263e-16,4.6503e-15
982,294.3,366.7,29.29283188768201,2.3048,0.20291,0.7875,1.259e-13,0.0031861,0.0063838,4.1181e-07,8.6279e-09,4.1542e-14,4.7161e-16,4.6407e-15
983,294.6,366.64,29.247051133404884,2.3049,0.20291,0.7875,1.2564e-13,0.0031833,0.0063784,4.1158e-07,8.6221e-09,4.1456e-14,4.7059e-16,4.6312e-15
984,294.9,366.58,29.201198605536725,2.3049,0.20292,0.78751,1.2538e-13,0.0031806,0.0063729,4.1135e-07,8.6164e-09,4.1369e-14,4.6957e-16,4.6216e-15
985,295.2,366.52,29.15527396544234,2.305,0.20292,0.78751,1.2512e-13,0.0031779,0.0063675,4.1112e-07,8.6106e-09,4.1283e-14,4.6855e-16,4.612e-15
986,295.5,366.47,29.109276871815283,2.3051,0.20293,0.78751,1.2485e-13,0.0031751,0.006362,4.1089e-07,8.6048e-09,4.1197e-14,4.6753e-16,4.6025e-15
987,295.8,366.41,29.063379018964742,2.3051,0.20294,0.78751,1.2459e-13,0.0031724,0.0063565,4.1066e-07,8.599e-09,4.111e-14,4.6651e-16,4.5929e-15
988,296.09999999999997,366.35,29.017236257093817,2.3052,0.20294,0.78752,1.2433e-13,0.0031697,0.0063511,4.1042e-07,8.5932e-09,4.1024e-14,4.6549e-16,4.5833e-15
989,296.4,366.29,28.97102000275448,2.3052,0.20295,0.78752,1.2406e-13,0.003167,0.0063456,4.1019e-07,8.5874e-09,4.0937e-14,4.6447e-16,4.5737e-15
990,296.7,366.23,28.92472990366548,2.3053,0.20295,0.78752,1.238e-13,0.0031642,0.0063401,4.0996e-07,8.5817e-09,4.0851e-14,4.6345e-16,4.5642e-15
991,297.0,366.17,28.878365604722163,2.3054,0.20296,0.78752,1.2354e-13,0.0031615,0.0063347,4.0973e-07,8.5759e-09,4.0764e-14,4.6243e-16,4.5546e-15
992,297.3,366.11,28.83192674796466,2.3054,0.20297,0.78752,1.2327e-13,0.0031588,0.0063292,4.095e-07,8.5701e-09,4.0678e-14,4.6141e-16,4.545e-15
993,297.6,366.05,28.78558667111025,2.3055,0.20297,0.78753,1.2301e-13,0.0031561,0.0063238,4.0927e-07,8.5643e-09,4.0592e-14,4.6039e-16,4.5355e-15
994,297.90000000000003,365.99,28.738997894846644,2.3055,0.20298,0.78753,1.2275e-13,0.0031533,0.0063183,4.0904e-07,8.5585e-09,4.0505e-14,4.5937e-16,4.5259e-15
995,298.20000000000005,365.93,28.692333470807146,2.3056,0.20298,0.78753,1.2249e-13,0.0031506,0.0063128,4.0881e-07,8.5527e-09,4.0419e-14,4.5835e-16,4.5163e-15
996,298.5,365.87,28.6455930292951,2.3057,0.20299,0.78753,1.2222e-13,0.0031479,0.0063074,4.0857e-07,8.5469e-09,4.0332e-14,4.5733e-16,4.5067e-15
997,298.8,365.81,28.59877619759279,2.3057,0.203,0.78753,1.2196e-13,0.0031452,0.0063019,4.0834e-07,8.5412e-09,4.0246e-14,4.5631e-16,4.4972e-15
998,299.1,365.75,28.55205771919075,2.3058,0.203,0.78754,1.217e-13,0.0031424,0.0062964,4.0811e-07,8.5354e-09,4.0159e-14,4.5529e-16,4.4876e-15
999,299.40000000000003,365.69,28.50508726525846,2.3059,0.20301,0.78754,1.2143e-13,0.0031397,0.006291,4.0788e-07,8.5296e-09,4.0073e-14,4.5427e-16,4.478e-15
1000,299.7,365.63,28.458039285938167,2.3059,0.20301,0.78754,1.2117e-13,0.003137,0.0062855,4.0765e-07,8.5238e-09,3.9987e-14,4.5325e-16,4.4685e-15
1001,300.0,365.57,28.41091339608778,2.306,0.20302,0.78754,1.2091e-13,0.0031342,0.0062801,4.0742e-07,8.518e-09,3.99e-14,4.5223e-16,4.4589e-15
